annee;jourDebut;jourFin;parcelle;couvert;itk;delta_Corg[kg_eqCO2/ha];tx_MO_fin[%];emissions_N2O_denit[kg_eqCO2/ha];emissions_N2O_nit[kg_eqCO2/ha];emissions_volat[kg_eqCO2/ha];emissions_lixiv[kg_eqCO2/ha];emissions_ferti[kg_eqCO2/ha];bilan_net_GES[kg_eqCO2/ha];ratio_Corg_Arg[%]
2019;213;274;beauce_5_sa_000;solnu;;767.18;1.71;0.0;5.26;0.0;0.0;0.0;772.44;0.07
2019;275;365;beauce_5_sa_000;orgeh;orgeH_tousSols_nonirr_organique;590.52;1.71;23.65;3.99;0.0;1.04;0.0;619.2;0.07
2019;213;265;beauce_5_sa_001;solnu;;687.98;1.71;0.0;4.74;0.0;0.0;0.0;692.72;0.07
2019;266;365;beauce_5_sa_001;orgeh;orgeH_tousSols_nonirr_organique;668.75;1.71;15.43;4.51;0.0;1.19;0.0;689.88;0.07
2019;213;289;beauce_5_sa_002;solnu;;839.93;1.71;0.0;5.73;0.0;0.0;0.0;845.67;0.07
2019;290;365;beauce_5_sa_002;orgeh;orgeH_tousSols_nonirr_organique;517.9;1.71;31.81;3.52;0.0;0.92;0.0;554.15;0.07
2019;213;291;beauce_5_sa_003;solnu;;847.55;1.71;0.0;5.81;0.0;0.0;0.0;853.36;0.07
2019;292;365;beauce_5_sa_003;orgeh;orgeH_tousSols_nonirr_organique;509.8;1.71;33.22;3.44;0.0;0.88;0.0;547.34;0.07
2019;213;277;beauce_5_sa_004;solnu;;782.95;1.71;0.0;5.37;0.0;0.0;0.0;788.33;0.07
2019;278;365;beauce_5_sa_004;orgeh;orgeH_tousSols_nonirr_organique;575.77;1.71;25.09;3.88;0.0;1.04;0.0;605.79;0.07
2019;213;304;beauce_5_sa_005;solnu;;940.96;1.71;0.0;6.44;0.0;0.0;0.0;947.41;0.07
2019;305;365;beauce_5_sa_005;orgeh;orgeH_tousSols_nonirr_organique;417.62;1.71;36.5;2.82;0.0;0.9;0.0;457.84;0.07
2019;213;278;beauce_5_sa_006;solnu;;790.61;1.71;0.0;5.4;0.0;0.0;0.0;796.01;0.07
2019;279;365;beauce_5_sa_006;orgeh;orgeH_tousSols_nonirr_organique;566.96;1.71;26.22;3.85;0.0;0.99;0.0;598.03;0.07
2019;213;308;beauce_5_sa_007;solnu;;975.44;1.71;5.31;6.67;0.0;0.0;0.0;987.41;0.07
2019;309;365;beauce_5_sa_007;orgeh;orgeH_tousSols_nonirr_organique;383.02;1.71;31.43;2.59;0.0;0.91;0.0;417.95;0.07
2019;213;284;beauce_5_sa_008;solnu;;818.91;1.71;0.0;5.59;0.0;0.0;0.0;824.5;0.07
2019;285;365;beauce_5_sa_008;orgeh;orgeH_tousSols_nonirr_organique;540.02;1.71;28.65;3.67;0.0;0.99;0.0;573.33;0.07
2019;213;310;beauce_5_sa_009;solnu;;986.4;1.71;5.85;6.76;0.0;0.0;0.0;999.0;0.07
2019;311;365;beauce_5_sa_009;orgeh;orgeH_tousSols_nonirr_organique;372.28;1.71;31.05;2.5;0.0;0.94;0.0;406.77;0.07
2019;213;274;beauce_5_sa_010;solnu;;767.27;1.71;0.0;5.26;0.0;0.0;0.0;772.53;0.07
2019;275;365;beauce_5_sa_010;orgeh;orgeH_tousSols_nonirr_organique;591.1;1.71;23.17;4.0;0.0;1.06;0.0;619.33;0.07
2019;213;312;beauce_5_sa_011;solnu;;1004.94;1.71;7.43;6.89;0.0;0.0;0.0;1019.27;0.07
2019;313;365;beauce_5_sa_011;orgeh;orgeH_tousSols_nonirr_organique;353.71;1.71;29.58;2.37;0.0;0.93;0.0;386.58;0.07
2019;213;296;beauce_5_sa_012;solnu;;885.68;1.71;0.0;6.07;0.0;0.0;0.0;891.75;0.07
2019;297;365;beauce_5_sa_012;orgeh;orgeH_tousSols_nonirr_organique;473.01;1.71;35.6;3.19;0.0;0.94;0.0;512.74;0.07
2019;213;305;beauce_5_sa_013;solnu;;948.08;1.71;0.0;6.48;0.0;0.0;0.0;954.56;0.07
2019;306;365;beauce_5_sa_013;orgeh;orgeH_tousSols_nonirr_organique;410.57;1.71;36.57;2.78;0.0;0.93;0.0;450.85;0.07
2019;213;290;beauce_5_sa_014;solnu;;844.36;1.71;0.0;5.77;0.0;0.0;0.0;850.12;0.07
2019;291;365;beauce_5_sa_014;orgeh;orgeH_tousSols_nonirr_organique;514.6;1.71;32.72;3.5;0.0;0.98;0.0;551.8;0.07
2019;213;293;beauce_5_sa_015;solnu;;865.27;1.71;0.0;5.93;0.0;0.0;0.0;871.2;0.07
2019;294;365;beauce_5_sa_015;orgeh;orgeH_tousSols_nonirr_organique;493.43;1.71;34.75;3.33;0.0;0.94;0.0;532.45;0.07
2019;213;287;beauce_5_sa_016;solnu;;831.84;1.71;0.0;5.67;0.0;0.0;0.0;837.51;0.07
2019;288;365;beauce_5_sa_016;orgeh;orgeH_tousSols_nonirr_organique;524.86;1.71;30.22;3.57;0.0;0.86;0.0;559.5;0.07
2019;213;298;beauce_5_sa_017;solnu;;902.6;1.71;0.0;6.18;0.0;0.0;0.0;908.77;0.07
2019;299;365;beauce_5_sa_017;orgeh;orgeH_tousSols_nonirr_organique;456.07;1.71;35.94;3.08;0.0;0.93;0.0;496.02;0.07
2019;213;270;beauce_5_sa_018;solnu;;735.88;1.71;0.0;5.06;0.0;0.0;0.0;740.94;0.07
2019;271;365;beauce_5_sa_018;orgeh;orgeH_tousSols_nonirr_organique;621.85;1.71;19.98;4.19;0.0;1.25;0.0;647.27;0.07
2019;213;288;beauce_5_sa_019;solnu;;835.97;1.71;0.0;5.71;0.0;0.0;0.0;841.69;0.07
2019;289;365;beauce_5_sa_019;orgeh;orgeH_tousSols_nonirr_organique;522.81;1.71;30.77;3.55;0.0;0.96;0.0;558.09;0.07
2019;213;300;beauce_5_sa_020;solnu;;913.16;1.71;0.0;6.26;0.0;0.0;0.0;919.42;0.07
2019;301;365;beauce_5_sa_020;orgeh;orgeH_tousSols_nonirr_organique;444.21;1.71;36.27;2.99;0.0;0.86;0.0;484.33;0.07
2019;213;274;beauce_5_sa_021;solnu;;767.1;1.71;0.0;5.26;0.0;0.0;0.0;772.36;0.07
2019;275;365;beauce_5_sa_021;orgeh;orgeH_tousSols_nonirr_organique;590.54;1.71;23.48;3.99;0.0;1.04;0.0;619.06;0.07
2019;213;257;beauce_5_sa_022;solnu;;633.07;1.71;0.0;4.34;0.0;0.0;0.0;637.4;0.07
2019;258;365;beauce_5_sa_022;orgeh;orgeH_tousSols_nonirr_organique;726.04;1.71;3.05;4.93;0.0;1.15;0.0;735.17;0.07
2019;213;284;beauce_5_sa_023;solnu;;818.91;1.71;0.0;5.59;0.0;0.0;0.0;824.5;0.07
2019;285;365;beauce_5_sa_023;orgeh;orgeH_tousSols_nonirr_organique;540.02;1.71;28.65;3.67;0.0;0.99;0.0;573.33;0.07
2019;213;291;beauce_5_sa_024;solnu;;848.32;1.71;0.0;5.81;0.0;0.0;0.0;854.13;0.07
2019;292;365;beauce_5_sa_024;orgeh;orgeH_tousSols_nonirr_organique;510.44;1.71;33.25;3.44;0.0;0.95;0.0;548.08;0.07
2019;213;276;beauce_5_sa_025;solnu;;779.92;1.71;0.0;5.32;0.0;0.0;0.0;785.24;0.07
2019;277;365;beauce_5_sa_025;orgeh;orgeH_tousSols_nonirr_organique;578.63;1.71;24.87;3.94;0.0;1.04;0.0;608.48;0.07
2019;213;275;beauce_5_sa_026;solnu;;773.87;1.71;0.0;5.3;0.0;0.0;0.0;779.16;0.07
2019;276;365;beauce_5_sa_026;orgeh;orgeH_tousSols_nonirr_organique;585.15;1.71;23.61;3.96;0.0;1.08;0.0;613.8;0.07
2019;213;273;beauce_5_sa_027;solnu;;759.79;1.71;0.0;5.21;0.0;0.0;0.0;765.0;0.07
2019;274;365;beauce_5_sa_027;orgeh;orgeH_tousSols_nonirr_organique;599.22;1.71;21.23;4.05;0.0;1.09;0.0;625.58;0.07
2019;213;279;beauce_5_sa_028;solnu;;794.89;1.71;0.0;5.43;0.0;0.0;0.0;800.32;0.07
2019;280;365;beauce_5_sa_028;orgeh;orgeH_tousSols_nonirr_organique;563.13;1.71;26.53;3.83;0.0;0.98;0.0;594.47;0.07
2019;213;279;beauce_5_sa_029;solnu;;795.0;1.71;0.0;5.43;0.0;0.0;0.0;800.43;0.07
2019;280;365;beauce_5_sa_029;orgeh;orgeH_tousSols_nonirr_organique;563.99;1.71;25.86;3.83;0.0;1.03;0.0;594.71;0.07
2019;213;313;beauce_5_sa_030;solnu;;1014.18;1.71;7.64;6.96;0.0;0.0;0.0;1028.78;0.07
2019;314;365;beauce_5_sa_030;orgeh;orgeH_tousSols_nonirr_organique;344.47;1.71;29.47;2.3;0.0;0.93;0.0;377.17;0.07
2019;213;294;beauce_5_sa_031;solnu;;872.78;1.71;0.0;5.97;0.0;0.0;0.0;878.75;0.07
2019;295;365;beauce_5_sa_031;orgeh;orgeH_tousSols_nonirr_organique;485.93;1.71;35.08;3.28;0.0;0.94;0.0;525.23;0.07
2019;213;307;beauce_5_sa_032;solnu;;960.83;1.71;4.79;6.63;0.0;0.0;0.0;972.25;0.07
2019;308;365;beauce_5_sa_032;orgeh;orgeH_tousSols_nonirr_organique;397.74;1.71;31.93;2.63;0.0;0.92;0.0;433.22;0.07
2019;213;289;beauce_5_sa_033;solnu;;838.59;1.71;0.0;5.73;0.0;0.0;0.0;844.31;0.07
2019;290;365;beauce_5_sa_033;orgeh;orgeH_tousSols_nonirr_organique;517.42;1.71;31.79;3.52;0.0;0.88;0.0;553.6;0.07
2019;213;292;beauce_5_sa_034;solnu;;855.55;1.71;0.0;5.88;0.0;0.0;0.0;861.43;0.07
2019;293;365;beauce_5_sa_034;orgeh;orgeH_tousSols_nonirr_organique;503.18;1.71;34.01;3.38;0.0;0.95;0.0;541.51;0.07
2019;213;258;beauce_5_sa_035;solnu;;637.98;1.71;0.0;4.38;0.0;0.0;0.0;642.36;0.07
2019;259;365;beauce_5_sa_035;orgeh;orgeH_tousSols_nonirr_organique;721.29;1.71;3.36;4.88;0.0;1.15;0.0;730.67;0.07
2019;213;292;beauce_5_sa_036;solnu;;855.55;1.71;0.0;5.88;0.0;0.0;0.0;861.43;0.07
2019;293;365;beauce_5_sa_036;orgeh;orgeH_tousSols_nonirr_organique;503.16;1.71;34.0;3.38;0.0;0.94;0.0;541.48;0.07
2019;213;268;beauce_5_sa_037;solnu;;717.43;1.71;0.0;4.94;0.0;0.0;0.0;722.37;0.07
2019;269;365;beauce_5_sa_037;orgeh;orgeH_tousSols_nonirr_organique;638.76;1.71;17.5;4.3;0.0;1.21;0.0;661.77;0.07
2019;213;265;beauce_5_sa_038;solnu;;688.47;1.71;0.0;4.74;0.0;0.0;0.0;693.21;0.07
2019;266;365;beauce_5_sa_038;orgeh;orgeH_tousSols_nonirr_organique;670.01;1.71;14.88;4.52;0.0;1.2;0.0;690.61;0.07
2019;213;315;beauce_5_sa_039;solnu;;1034.59;1.71;10.89;7.09;0.0;0.0;0.0;1052.57;0.07
2019;316;365;beauce_5_sa_039;orgeh;orgeH_tousSols_nonirr_organique;324.06;1.71;26.28;2.17;0.0;0.93;0.0;353.44;0.07
2019;213;305;beauce_5_sa_040;solnu;;947.63;1.71;0.0;6.48;0.0;0.0;0.0;954.1;0.07
2019;306;365;beauce_5_sa_040;orgeh;orgeH_tousSols_nonirr_organique;410.56;1.71;36.54;2.78;0.0;0.88;0.0;450.76;0.07
2019;213;275;beauce_5_sa_041;solnu;;773.87;1.71;0.0;5.3;0.0;0.0;0.0;779.16;0.07
2019;276;365;beauce_5_sa_041;orgeh;orgeH_tousSols_nonirr_organique;585.15;1.71;23.61;3.96;0.0;1.08;0.0;613.8;0.07
2019;213;266;beauce_5_sa_042;solnu;;697.17;1.71;0.0;4.79;0.0;0.0;0.0;701.96;0.07
2019;267;365;beauce_5_sa_042;orgeh;orgeH_tousSols_nonirr_organique;661.66;1.71;14.03;4.47;0.0;1.21;0.0;681.37;0.07
2019;213;308;beauce_5_sa_043;solnu;;975.56;1.71;5.32;6.67;0.0;0.0;0.0;987.55;0.07
2019;309;365;beauce_5_sa_043;orgeh;orgeH_tousSols_nonirr_organique;383.02;1.71;31.42;2.59;0.0;0.92;0.0;417.95;0.07
2019;213;301;beauce_5_sa_044;solnu;;921.97;1.71;0.0;6.31;0.0;0.0;0.0;928.28;0.07
2019;302;365;beauce_5_sa_044;orgeh;orgeH_tousSols_nonirr_organique;436.69;1.71;36.36;2.94;0.0;0.93;0.0;476.93;0.07
2019;213;296;beauce_5_sa_045;solnu;;885.68;1.71;0.0;6.07;0.0;0.0;0.0;891.75;0.07
2019;297;365;beauce_5_sa_045;orgeh;orgeH_tousSols_nonirr_organique;473.01;1.71;35.6;3.19;0.0;0.94;0.0;512.74;0.07
2019;213;273;beauce_5_sa_046;solnu;;759.78;1.71;0.0;5.21;0.0;0.0;0.0;765.0;0.07
2019;274;365;beauce_5_sa_046;orgeh;orgeH_tousSols_nonirr_organique;598.87;1.71;21.67;4.04;0.0;1.08;0.0;625.66;0.07
2019;213;271;beauce_5_sa_047;solnu;;744.57;1.71;0.0;5.12;0.0;0.0;0.0;749.68;0.07
2019;272;365;beauce_5_sa_047;orgeh;orgeH_tousSols_nonirr_organique;614.49;1.71;19.41;4.14;0.0;1.07;0.0;639.12;0.07
2019;213;265;beauce_5_sa_048;solnu;;688.17;1.71;0.0;4.74;0.0;0.0;0.0;692.9;0.07
2019;266;365;beauce_5_sa_048;orgeh;orgeH_tousSols_nonirr_organique;670.52;1.71;13.27;4.52;0.0;1.2;0.0;689.51;0.07
2019;213;313;beauce_5_sa_049;solnu;;1014.2;1.71;7.65;6.96;0.0;0.0;0.0;1028.81;0.07
2019;314;365;beauce_5_sa_049;orgeh;orgeH_tousSols_nonirr_organique;344.47;1.71;29.47;2.3;0.0;0.94;0.0;377.18;0.07
2019;213;314;beauce_5_sa_050;solnu;;1024.17;1.71;10.4;7.03;0.0;0.0;0.0;1041.6;0.07
2019;315;365;beauce_5_sa_050;orgeh;orgeH_tousSols_nonirr_organique;334.51;1.71;26.76;2.23;0.0;0.95;0.0;364.45;0.07
2019;213;293;beauce_5_sa_051;solnu;;865.28;1.71;0.0;5.93;0.0;0.0;0.0;871.22;0.07
2019;294;365;beauce_5_sa_051;orgeh;orgeH_tousSols_nonirr_organique;493.43;1.71;34.74;3.33;0.0;0.94;0.0;532.44;0.07
2019;213;301;beauce_5_sa_052;solnu;;921.97;1.71;0.0;6.31;0.0;0.0;0.0;928.28;0.07
2019;302;365;beauce_5_sa_052;orgeh;orgeH_tousSols_nonirr_organique;436.69;1.71;36.36;2.94;0.0;0.93;0.0;476.93;0.07
2019;213;286;beauce_5_sa_053;solnu;;825.4;1.71;0.0;5.65;0.0;0.0;0.0;831.06;0.07
2019;287;365;beauce_5_sa_053;orgeh;orgeH_tousSols_nonirr_organique;532.0;1.71;29.77;3.6;0.0;0.9;0.0;566.27;0.07
2019;213;266;beauce_5_sa_054;solnu;;697.17;1.71;0.0;4.79;0.0;0.0;0.0;701.96;0.07
2019;267;365;beauce_5_sa_054;orgeh;orgeH_tousSols_nonirr_organique;661.66;1.71;14.03;4.47;0.0;1.21;0.0;681.37;0.07
2019;213;303;beauce_5_sa_055;solnu;;934.36;1.71;0.0;6.39;0.0;0.0;0.0;940.76;0.07
2019;304;365;beauce_5_sa_055;orgeh;orgeH_tousSols_nonirr_organique;424.04;1.71;36.52;2.86;0.0;0.9;0.0;464.32;0.07
2019;213;256;beauce_5_sa_056;solnu;;628.53;1.71;0.0;4.3;0.0;0.0;0.0;632.83;0.07
2019;257;365;beauce_5_sa_056;orgeh;orgeH_tousSols_nonirr_organique;729.49;1.71;2.44;4.95;0.0;1.15;0.0;738.03;0.07
2019;213;259;beauce_5_sa_057;solnu;;644.25;1.71;0.0;4.41;0.0;0.0;0.0;648.66;0.07
2019;260;365;beauce_5_sa_057;orgeh;orgeH_tousSols_nonirr_organique;714.92;1.71;4.56;4.85;0.0;1.15;0.0;725.48;0.07
2019;213;306;beauce_5_sa_058;solnu;;953.5;1.71;1.86;6.53;0.0;0.0;0.0;961.89;0.07
2019;307;365;beauce_5_sa_058;orgeh;orgeH_tousSols_nonirr_organique;405.17;1.71;34.81;2.73;0.0;0.94;0.0;443.65;0.07
2019;213;275;beauce_5_sa_059;solnu;;773.57;1.71;0.0;5.3;0.0;0.0;0.0;778.87;0.07
2019;276;365;beauce_5_sa_059;orgeh;orgeH_tousSols_nonirr_organique;583.91;1.71;24.56;3.95;0.0;1.03;0.0;613.45;0.07
2019;213;261;beauce_5_sa_060;solnu;;653.4;1.71;0.0;4.5;0.0;0.0;0.0;657.89;0.07
2019;262;365;beauce_5_sa_060;orgeh;orgeH_tousSols_nonirr_organique;702.99;1.71;8.74;4.75;0.0;1.15;0.0;717.63;0.07
2019;213;272;beauce_5_sa_061;solnu;;753.24;1.71;0.0;5.16;0.0;0.0;0.0;758.4;0.07
2019;273;365;beauce_5_sa_061;orgeh;orgeH_tousSols_nonirr_organique;606.31;1.71;21.08;4.1;0.0;1.09;0.0;632.59;0.07
2019;213;286;beauce_5_sa_062;solnu;;825.98;1.71;0.0;5.66;0.0;0.0;0.0;831.64;0.07
2019;287;365;beauce_5_sa_062;orgeh;orgeH_tousSols_nonirr_organique;532.84;1.71;29.64;3.6;0.0;0.97;0.0;567.05;0.07
2019;213;294;beauce_5_sa_063;solnu;;871.8;1.71;0.0;5.97;0.0;0.0;0.0;877.77;0.07
2019;295;365;beauce_5_sa_063;orgeh;orgeH_tousSols_nonirr_organique;485.31;1.71;35.03;3.28;0.0;0.85;0.0;524.47;0.07
2019;213;313;beauce_5_sa_064;solnu;;1014.2;1.71;7.65;6.96;0.0;0.0;0.0;1028.81;0.07
2019;314;365;beauce_5_sa_064;orgeh;orgeH_tousSols_nonirr_organique;344.47;1.71;29.47;2.3;0.0;0.94;0.0;377.18;0.07
2019;213;277;beauce_5_sa_065;solnu;;781.65;1.71;0.0;5.37;0.0;0.0;0.0;787.02;0.07
2019;278;365;beauce_5_sa_065;orgeh;orgeH_tousSols_nonirr_organique;574.43;1.71;25.6;3.88;0.0;0.99;0.0;604.89;0.07
2019;213;275;beauce_5_sa_066;solnu;;773.31;1.71;0.0;5.3;0.0;0.0;0.0;778.61;0.07
2019;276;365;beauce_5_sa_066;orgeh;orgeH_tousSols_nonirr_organique;584.03;1.71;24.45;3.95;0.0;1.04;0.0;613.48;0.07
2019;213;267;beauce_5_sa_067;solnu;;704.37;1.71;0.0;4.88;0.0;0.0;0.0;709.25;0.07
2019;268;365;beauce_5_sa_067;orgeh;orgeH_tousSols_nonirr_organique;653.61;1.71;16.37;4.37;0.0;1.21;0.0;675.56;0.07
2019;213;308;beauce_5_sa_068;solnu;;975.41;1.71;5.3;6.67;0.0;0.0;0.0;987.39;0.07
2019;309;365;beauce_5_sa_068;orgeh;orgeH_tousSols_nonirr_organique;383.02;1.71;31.43;2.59;0.0;0.91;0.0;417.94;0.07
2019;213;257;beauce_5_sa_069;solnu;;634.67;1.71;0.0;4.35;0.0;0.0;0.0;639.02;0.07
2019;258;365;beauce_5_sa_069;orgeh;orgeH_tousSols_nonirr_organique;727.56;1.71;2.57;4.94;0.0;1.16;0.0;736.22;0.07
2019;213;303;beauce_5_sa_070;solnu;;934.36;1.71;0.0;6.39;0.0;0.0;0.0;940.76;0.07
2019;304;365;beauce_5_sa_070;orgeh;orgeH_tousSols_nonirr_organique;424.04;1.71;36.52;2.86;0.0;0.9;0.0;464.32;0.07
2019;213;262;beauce_5_sa_071;solnu;;662.24;1.71;0.0;4.55;0.0;0.0;0.0;666.79;0.07
2019;263;365;beauce_5_sa_071;orgeh;orgeH_tousSols_nonirr_organique;695.94;1.71;10.36;4.7;0.0;1.16;0.0;712.17;0.07
2019;213;274;beauce_5_sa_072;solnu;;767.12;1.71;0.0;5.26;0.0;0.0;0.0;772.38;0.07
2019;275;365;beauce_5_sa_072;orgeh;orgeH_tousSols_nonirr_organique;590.56;1.71;23.48;3.99;0.0;1.04;0.0;619.08;0.07
2019;213;310;beauce_5_sa_073;solnu;;986.4;1.71;5.85;6.76;0.0;0.0;0.0;999.0;0.07
2019;311;365;beauce_5_sa_073;orgeh;orgeH_tousSols_nonirr_organique;372.28;1.71;31.05;2.5;0.0;0.94;0.0;406.77;0.07
2019;213;270;beauce_5_sa_074;solnu;;735.43;1.71;0.0;5.06;0.0;0.0;0.0;740.49;0.07
2019;271;365;beauce_5_sa_074;orgeh;orgeH_tousSols_nonirr_organique;620.88;1.71;20.59;4.19;0.0;1.24;0.0;646.9;0.07
2019;213;265;beauce_5_sa_075;solnu;;690.03;1.71;0.0;4.75;0.0;0.0;0.0;694.78;0.07
2019;266;365;beauce_5_sa_075;orgeh;orgeH_tousSols_nonirr_organique;671.2;1.71;13.76;4.53;0.0;1.2;0.0;690.69;0.07
2019;213;304;beauce_5_sa_076;solnu;;940.82;1.71;0.0;6.44;0.0;0.0;0.0;947.26;0.07
2019;305;365;beauce_5_sa_076;orgeh;orgeH_tousSols_nonirr_organique;417.61;1.71;36.5;2.82;0.0;0.89;0.0;457.81;0.07
2019;213;275;beauce_5_sa_077;solnu;;773.87;1.71;0.0;5.3;0.0;0.0;0.0;779.16;0.07
2019;276;365;beauce_5_sa_077;orgeh;orgeH_tousSols_nonirr_organique;585.15;1.71;23.61;3.96;0.0;1.08;0.0;613.8;0.07
2019;213;300;beauce_5_sa_078;solnu;;914.26;1.71;0.0;6.27;0.0;0.0;0.0;920.52;0.07
2019;301;365;beauce_5_sa_078;orgeh;orgeH_tousSols_nonirr_organique;444.41;1.71;36.32;2.99;0.0;0.93;0.0;484.65;0.07
2019;213;270;beauce_5_sa_079;solnu;;735.35;1.71;0.0;5.06;0.0;0.0;0.0;740.4;0.07
2019;271;365;beauce_5_sa_079;orgeh;orgeH_tousSols_nonirr_organique;620.93;1.71;20.47;4.19;0.0;1.24;0.0;646.83;0.07
2019;213;287;beauce_5_sa_080;solnu;;832.73;1.71;0.0;5.68;0.0;0.0;0.0;838.41;0.07
2019;288;365;beauce_5_sa_080;orgeh;orgeH_tousSols_nonirr_organique;526.14;1.71;30.25;3.58;0.0;0.97;0.0;560.94;0.07
2019;213;280;beauce_5_sa_081;solnu;;797.82;1.71;0.0;5.47;0.0;0.0;0.0;803.29;0.07
2019;281;365;beauce_5_sa_081;orgeh;orgeH_tousSols_nonirr_organique;558.58;1.71;27.13;3.78;0.0;0.94;0.0;590.42;0.07
2019;213;317;beauce_5_sa_082;solnu;;1049.44;1.71;12.71;7.23;0.0;0.0;0.0;1069.38;0.07
2019;318;365;beauce_5_sa_082;orgeh;orgeH_tousSols_nonirr_organique;309.02;1.71;24.55;2.03;0.0;0.92;0.0;336.52;0.07
2019;213;259;beauce_5_sa_083;solnu;;644.06;1.71;0.0;4.41;0.0;0.0;0.0;648.47;0.07
2019;260;365;beauce_5_sa_083;orgeh;orgeH_tousSols_nonirr_organique;714.37;1.71;5.05;4.85;0.0;1.14;0.0;725.41;0.07
2019;213;299;beauce_5_sa_084;solnu;;907.8;1.71;0.0;6.21;0.0;0.0;0.0;914.01;0.07
2019;300;365;beauce_5_sa_084;orgeh;orgeH_tousSols_nonirr_organique;449.45;1.71;36.11;3.04;0.0;0.84;0.0;489.44;0.07
2019;213;302;beauce_5_sa_085;solnu;;929.19;1.71;0.0;6.35;0.0;0.0;0.0;935.54;0.07
2019;303;365;beauce_5_sa_085;orgeh;orgeH_tousSols_nonirr_organique;429.62;1.71;36.42;2.91;0.0;0.94;0.0;469.89;0.07
2019;213;316;beauce_5_sa_086;solnu;;1043.16;1.71;11.13;7.13;0.0;0.0;0.0;1061.42;0.07
2019;317;365;beauce_5_sa_086;orgeh;orgeH_tousSols_nonirr_organique;315.2;1.71;26.13;2.13;0.0;0.91;0.0;344.37;0.07
2019;213;272;beauce_5_sa_087;solnu;;753.24;1.71;0.0;5.16;0.0;0.0;0.0;758.4;0.07
2019;273;365;beauce_5_sa_087;orgeh;orgeH_tousSols_nonirr_organique;606.31;1.71;21.08;4.1;0.0;1.09;0.0;632.59;0.07
2019;213;316;beauce_5_sa_088;solnu;;1043.48;1.71;11.17;7.13;0.0;0.0;0.0;1061.78;0.07
2019;317;365;beauce_5_sa_088;orgeh;orgeH_tousSols_nonirr_organique;315.2;1.71;26.11;2.13;0.0;0.95;0.0;344.39;0.07
2019;213;297;beauce_5_sa_089;solnu;;893.05;1.71;0.0;6.13;0.0;0.0;0.0;899.19;0.07
2019;298;365;beauce_5_sa_089;orgeh;orgeH_tousSols_nonirr_organique;465.47;1.71;35.77;3.12;0.0;0.91;0.0;505.28;0.07
2019;213;268;beauce_5_sa_090;solnu;;717.66;1.71;0.0;4.94;0.0;0.0;0.0;722.61;0.07
2019;269;365;beauce_5_sa_090;orgeh;orgeH_tousSols_nonirr_organique;638.55;1.71;17.85;4.3;0.0;1.2;0.0;661.9;0.07
2019;213;314;beauce_5_sa_091;solnu;;1024.17;1.71;10.4;7.03;0.0;0.0;0.0;1041.6;0.07
2019;315;365;beauce_5_sa_091;orgeh;orgeH_tousSols_nonirr_organique;334.51;1.71;26.76;2.23;0.0;0.95;0.0;364.45;0.07
2019;213;304;beauce_5_sa_092;solnu;;939.6;1.71;0.0;6.43;0.0;0.0;0.0;946.03;0.07
2019;305;365;beauce_5_sa_092;orgeh;orgeH_tousSols_nonirr_organique;417.57;1.71;36.46;2.82;0.0;0.84;0.0;457.69;0.07
2019;213;286;beauce_5_sa_093;solnu;;825.98;1.71;0.0;5.66;0.0;0.0;0.0;831.64;0.07
2019;287;365;beauce_5_sa_093;orgeh;orgeH_tousSols_nonirr_organique;532.84;1.71;29.64;3.6;0.0;0.97;0.0;567.05;0.07
2019;213;291;beauce_5_sa_094;solnu;;848.33;1.71;0.0;5.81;0.0;0.0;0.0;854.14;0.07
2019;292;365;beauce_5_sa_094;orgeh;orgeH_tousSols_nonirr_organique;510.45;1.71;33.26;3.45;0.0;0.95;0.0;548.11;0.07
2019;213;299;beauce_5_sa_095;solnu;;908.18;1.71;0.0;6.21;0.0;0.0;0.0;914.39;0.07
2019;300;365;beauce_5_sa_095;orgeh;orgeH_tousSols_nonirr_organique;449.52;1.71;36.12;3.04;0.0;0.86;0.0;489.54;0.07
2019;213;306;beauce_5_sa_096;solnu;;953.49;1.71;1.85;6.53;0.0;0.0;0.0;961.87;0.07
2019;307;365;beauce_5_sa_096;orgeh;orgeH_tousSols_nonirr_organique;405.16;1.71;34.81;2.73;0.0;0.92;0.0;443.63;0.07
2019;213;277;beauce_5_sa_097;solnu;;782.96;1.71;0.0;5.37;0.0;0.0;0.0;788.33;0.07
2019;278;365;beauce_5_sa_097;orgeh;orgeH_tousSols_nonirr_organique;576.06;1.71;24.74;3.89;0.0;1.06;0.0;605.74;0.07
2019;213;260;beauce_5_sa_098;solnu;;649.39;1.71;0.0;4.44;0.0;0.0;0.0;653.84;0.07
2019;261;365;beauce_5_sa_098;orgeh;orgeH_tousSols_nonirr_organique;714.99;1.71;4.98;4.85;0.0;1.2;0.0;726.03;0.07
2019;213;264;beauce_5_sa_099;solnu;;682.62;1.71;0.0;4.68;0.0;0.0;0.0;687.3;0.07
2019;265;365;beauce_5_sa_099;orgeh;orgeH_tousSols_nonirr_organique;675.97;1.71;12.02;4.58;0.0;1.18;0.0;693.75;0.07
2020;1;199;beauce_5_sa_000;orgeh;orgeH_tousSols_nonirr_organique;2147.84;1.68;13.06;14.68;0.0;8.38;0.0;2183.95;0.07
2020;200;275;beauce_5_sa_000;solnu;;1357.57;1.67;28.56;6.64;0.0;3.09;0.0;1395.86;0.07
2020;276;366;beauce_5_sa_000;orgeh;orgeH_tousSols_nonirr_organique;183.44;1.67;0.0;0.77;0.0;6.49;0.0;190.7;0.07
2020;1;202;beauce_5_sa_001;orgeh;orgeH_tousSols_nonirr_organique;2270.36;1.68;9.41;15.5;0.0;6.3;0.0;2301.58;0.07
2020;203;266;beauce_5_sa_001;solnu;;1160.6;1.67;33.84;3.93;0.0;2.0;0.0;1200.38;0.07
2020;267;366;beauce_5_sa_001;orgeh;orgeH_tousSols_nonirr_organique;215.52;1.67;0.38;2.69;0.0;7.04;0.0;225.63;0.07
2020;1;229;beauce_5_sa_002;orgeh;orgeH_tousSols_nonirr_organique;2663.29;1.68;26.09;18.25;0.0;10.88;0.0;2718.51;0.07
2020;230;290;beauce_5_sa_002;solnu;;894.17;1.67;19.52;1.9;0.0;3.9;0.0;919.49;0.07
2020;291;366;beauce_5_sa_002;orgeh;orgeH_tousSols_nonirr_organique;117.92;1.67;0.0;0.28;0.0;6.88;0.0;125.08;0.07
2020;1;190;beauce_5_sa_003;orgeh;orgeH_tousSols_nonirr_organique;1923.79;1.68;19.21;13.15;0.0;11.28;0.0;1967.43;0.07
2020;191;292;beauce_5_sa_003;solnu;;1517.33;1.67;14.47;6.98;0.0;4.31;0.0;1543.1;0.07
2020;293;366;beauce_5_sa_003;orgeh;orgeH_tousSols_nonirr_organique;128.12;1.67;0.0;0.4;0.0;5.66;0.0;134.18;0.07
2020;1;211;beauce_5_sa_004;orgeh;orgeH_tousSols_nonirr_organique;2318.85;1.68;13.9;15.86;0.0;9.04;0.0;2357.65;0.07
2020;212;278;beauce_5_sa_004;solnu;;1247.91;1.67;36.9;5.99;0.0;3.38;0.0;1294.18;0.07
2020;279;366;beauce_5_sa_004;orgeh;orgeH_tousSols_nonirr_organique;195.86;1.67;0.01;0.22;0.0;8.05;0.0;204.15;0.07
2020;1;211;beauce_5_sa_005;orgeh;orgeH_tousSols_nonirr_organique;2222.32;1.68;21.64;15.19;0.0;12.1;0.0;2271.25;0.07
2020;212;305;beauce_5_sa_005;solnu;;1400.97;1.67;23.81;6.98;0.0;5.33;0.0;1437.09;0.07
2020;306;366;beauce_5_sa_005;orgeh;orgeH_tousSols_nonirr_organique;111.31;1.67;0.0;0.04;0.0;6.68;0.0;118.03;0.07
2020;1;175;beauce_5_sa_006;orgeh;orgeH_tousSols_nonirr_organique;1600.25;1.69;14.65;11.14;0.0;9.31;0.0;1635.34;0.07
2020;176;279;beauce_5_sa_006;solnu;;1786.52;1.67;19.27;9.24;0.0;3.15;0.0;1818.18;0.07
2020;280;366;beauce_5_sa_006;orgeh;orgeH_tousSols_nonirr_organique;171.98;1.67;0.0;0.95;0.0;5.94;0.0;178.86;0.07
2020;1;181;beauce_5_sa_007;orgeh;orgeH_tousSols_nonirr_organique;1693.22;1.69;21.87;11.62;0.0;12.41;0.0;1739.12;0.07
2020;182;309;beauce_5_sa_007;solnu;;1869.17;1.67;24.86;10.33;0.0;5.86;0.0;1910.21;0.07
2020;310;366;beauce_5_sa_007;orgeh;orgeH_tousSols_nonirr_organique;103.21;1.67;0.0;0.05;0.0;7.01;0.0;110.27;0.07
2020;1;180;beauce_5_sa_008;orgeh;orgeH_tousSols_nonirr_organique;1693.18;1.69;16.2;11.62;0.0;10.18;0.0;1731.19;0.07
2020;181;285;beauce_5_sa_008;solnu;;1805.05;1.67;27.91;11.07;0.0;3.18;0.0;1847.2;0.07
2020;286;366;beauce_5_sa_008;orgeh;orgeH_tousSols_nonirr_organique;236.12;1.67;3.89;0.15;0.0;8.1;0.0;248.25;0.07
2020;1;184;beauce_5_sa_009;orgeh;orgeH_tousSols_nonirr_organique;1791.96;1.69;22.01;12.35;0.0;12.53;0.0;1838.84;0.07
2020;185;311;beauce_5_sa_009;solnu;;1862.5;1.67;29.22;11.46;0.0;5.32;0.0;1908.5;0.07
2020;312;366;beauce_5_sa_009;orgeh;orgeH_tousSols_nonirr_organique;144.17;1.66;1.88;0.08;0.0;7.47;0.0;153.59;0.07
2020;1;225;beauce_5_sa_010;orgeh;orgeH_tousSols_nonirr_organique;2660.89;1.68;28.02;18.18;0.0;9.13;0.0;2716.23;0.07
2020;226;275;beauce_5_sa_010;solnu;;951.09;1.67;28.46;3.4;0.0;3.56;0.0;986.51;0.07
2020;276;366;beauce_5_sa_010;orgeh;orgeH_tousSols_nonirr_organique;188.7;1.66;0.0;0.31;0.0;7.77;0.0;196.77;0.07
2020;1;220;beauce_5_sa_011;orgeh;orgeH_tousSols_nonirr_organique;2398.94;1.68;22.16;16.37;0.0;12.46;0.0;2449.92;0.07
2020;221;313;beauce_5_sa_011;solnu;;1322.97;1.67;31.91;6.69;0.0;5.37;0.0;1366.94;0.07
2020;314;366;beauce_5_sa_011;orgeh;orgeH_tousSols_nonirr_organique;100.36;1.66;0.0;0.05;0.0;7.36;0.0;107.77;0.07
2020;1;219;beauce_5_sa_012;orgeh;orgeH_tousSols_nonirr_organique;2407.57;1.68;20.75;16.46;0.0;11.95;0.0;2456.73;0.07
2020;220;297;beauce_5_sa_012;solnu;;1240.61;1.67;34.5;6.38;0.0;5.36;0.0;1286.85;0.07
2020;298;366;beauce_5_sa_012;orgeh;orgeH_tousSols_nonirr_organique;178.5;1.66;0.89;0.18;0.0;7.33;0.0;186.91;0.07
2020;1;175;beauce_5_sa_013;orgeh;orgeH_tousSols_nonirr_organique;1577.76;1.69;21.68;10.96;0.0;12.3;0.0;1622.71;0.07
2020;176;306;beauce_5_sa_013;solnu;;2042.25;1.67;37.08;12.83;0.0;5.89;0.0;2098.04;0.07
2020;307;366;beauce_5_sa_013;orgeh;orgeH_tousSols_nonirr_organique;161.95;1.66;2.66;0.16;0.0;8.2;0.0;172.96;0.07
2020;1;206;beauce_5_sa_014;orgeh;orgeH_tousSols_nonirr_organique;2183.77;1.68;18.81;14.95;0.0;11.13;0.0;2228.66;0.07
2020;207;291;beauce_5_sa_014;solnu;;1403.16;1.67;27.15;7.73;0.0;3.46;0.0;1441.51;0.07
2020;292;366;beauce_5_sa_014;orgeh;orgeH_tousSols_nonirr_organique;206.49;1.66;7.07;0.19;0.0;8.73;0.0;222.49;0.07
2020;1;216;beauce_5_sa_015;orgeh;orgeH_tousSols_nonirr_organique;2350.22;1.68;20.15;16.07;0.0;11.67;0.0;2398.11;0.07
2020;217;294;beauce_5_sa_015;solnu;;1276.89;1.67;34.94;6.66;0.0;5.45;0.0;1323.94;0.07
2020;295;366;beauce_5_sa_015;orgeh;orgeH_tousSols_nonirr_organique;187.76;1.66;1.07;0.17;0.0;7.34;0.0;196.34;0.07
2020;1;171;beauce_5_sa_016;orgeh;orgeH_tousSols_nonirr_organique;1473.68;1.69;17.31;10.24;0.0;10.57;0.0;1511.8;0.07
2020;172;288;beauce_5_sa_016;solnu;;1951.4;1.67;21.11;10.42;0.0;3.57;0.0;1986.51;0.07
2020;289;366;beauce_5_sa_016;orgeh;orgeH_tousSols_nonirr_organique;145.06;1.67;0.0;1.05;0.0;6.92;0.0;153.03;0.07
2020;1;218;beauce_5_sa_017;orgeh;orgeH_tousSols_nonirr_organique;2373.66;1.68;21.06;16.28;0.0;12.0;0.0;2423.0;0.07
2020;219;299;beauce_5_sa_017;solnu;;1278.56;1.67;31.99;6.65;0.0;5.27;0.0;1322.47;0.07
2020;300;366;beauce_5_sa_017;orgeh;orgeH_tousSols_nonirr_organique;170.35;1.66;0.76;0.16;0.0;7.17;0.0;178.45;0.07
2020;1;229;beauce_5_sa_018;orgeh;orgeH_tousSols_nonirr_organique;2812.73;1.68;35.42;19.27;0.0;9.29;0.0;2876.7;0.07
2020;230;271;beauce_5_sa_018;solnu;;776.27;1.67;23.53;1.58;0.0;1.59;0.0;802.96;0.07
2020;272;366;beauce_5_sa_018;orgeh;orgeH_tousSols_nonirr_organique;194.2;1.66;0.0;0.49;0.0;8.88;0.0;203.56;0.07
2020;1;197;beauce_5_sa_019;orgeh;orgeH_tousSols_nonirr_organique;2062.97;1.68;17.57;14.09;0.0;10.72;0.0;2105.35;0.07
2020;198;289;beauce_5_sa_019;solnu;;1506.72;1.67;27.85;8.7;0.0;3.34;0.0;1546.61;0.07
2020;290;366;beauce_5_sa_019;orgeh;orgeH_tousSols_nonirr_organique;211.21;1.66;5.9;0.14;0.0;8.42;0.0;225.67;0.07
2020;1;217;beauce_5_sa_020;orgeh;orgeH_tousSols_nonirr_organique;2345.19;1.68;21.44;16.07;0.0;12.16;0.0;2394.86;0.07
2020;218;301;beauce_5_sa_020;solnu;;1151.28;1.67;13.26;3.52;0.0;5.08;0.0;1173.13;0.07
2020;302;366;beauce_5_sa_020;orgeh;orgeH_tousSols_nonirr_organique;90.53;1.67;0.0;0.27;0.0;5.3;0.0;96.11;0.07
2020;1;223;beauce_5_sa_021;orgeh;orgeH_tousSols_nonirr_organique;2624.65;1.68;28.13;17.94;0.0;9.14;0.0;2679.86;0.07
2020;224;275;beauce_5_sa_021;solnu;;925.32;1.67;21.92;2.58;0.0;3.66;0.0;953.47;0.07
2020;276;366;beauce_5_sa_021;orgeh;orgeH_tousSols_nonirr_organique;168.71;1.67;0.0;0.66;0.0;6.8;0.0;176.17;0.07
2020;1;197;beauce_5_sa_022;orgeh;orgeH_tousSols_nonirr_organique;2224.86;1.68;4.56;15.22;0.0;5.74;0.0;2250.38;0.07
2020;198;258;beauce_5_sa_022;solnu;;1228.59;1.67;39.44;5.32;0.0;1.74;0.0;1275.09;0.07
2020;259;366;beauce_5_sa_022;orgeh;orgeH_tousSols_nonirr_organique;253.95;1.67;1.71;3.68;0.0;6.46;0.0;265.8;0.07
2020;1;173;beauce_5_sa_023;orgeh;orgeH_tousSols_nonirr_organique;1551.87;1.69;16.2;10.61;0.0;10.18;0.0;1588.87;0.07
2020;174;285;beauce_5_sa_023;solnu;;1946.81;1.67;31.29;12.13;0.0;3.32;0.0;1993.56;0.07
2020;286;366;beauce_5_sa_023;orgeh;orgeH_tousSols_nonirr_organique;238.46;1.67;4.49;0.14;0.0;8.52;0.0;251.62;0.07
2020;1;189;beauce_5_sa_024;orgeh;orgeH_tousSols_nonirr_organique;1902.46;1.68;19.17;13.05;0.0;11.33;0.0;1946.01;0.07
2020;190;292;beauce_5_sa_024;solnu;;1659.89;1.67;29.68;9.96;0.0;4.36;0.0;1703.89;0.07
2020;293;366;beauce_5_sa_024;orgeh;orgeH_tousSols_nonirr_organique;211.28;1.66;4.1;0.15;0.0;8.14;0.0;223.67;0.07
2020;1;179;beauce_5_sa_025;orgeh;orgeH_tousSols_nonirr_organique;1688.4;1.69;13.78;11.58;0.0;8.89;0.0;1722.65;0.07
2020;180;277;beauce_5_sa_025;solnu;;1510.6;1.67;13.61;4.81;0.0;3.0;0.0;1532.02;0.07
2020;278;366;beauce_5_sa_025;orgeh;orgeH_tousSols_nonirr_organique;166.46;1.67;1.2;3.78;0.0;5.92;0.0;177.36;0.07
2020;1;212;beauce_5_sa_026;orgeh;orgeH_tousSols_nonirr_organique;2352.03;1.68;12.97;16.12;0.0;8.51;0.0;2389.64;0.07
2020;213;276;beauce_5_sa_026;solnu;;1215.32;1.67;38.04;6.03;0.0;3.32;0.0;1262.7;0.07
2020;277;366;beauce_5_sa_026;orgeh;orgeH_tousSols_nonirr_organique;249.85;1.66;2.46;0.29;0.0;7.99;0.0;260.6;0.07
2020;1;207;beauce_5_sa_027;orgeh;orgeH_tousSols_nonirr_organique;2284.22;1.68;11.56;15.6;0.0;7.88;0.0;2319.27;0.07
2020;208;274;beauce_5_sa_027;solnu;;1248.02;1.67;37.25;6.47;0.0;3.0;0.0;1294.73;0.07
2020;275;366;beauce_5_sa_027;orgeh;orgeH_tousSols_nonirr_organique;259.21;1.66;2.12;0.34;0.0;7.66;0.0;269.33;0.07
2020;1;207;beauce_5_sa_028;orgeh;orgeH_tousSols_nonirr_organique;2247.9;1.68;14.85;15.35;0.0;9.46;0.0;2287.56;0.07
2020;208;280;beauce_5_sa_028;solnu;;1276.36;1.67;25.77;5.8;0.0;3.18;0.0;1311.11;0.07
2020;281;366;beauce_5_sa_028;orgeh;orgeH_tousSols_nonirr_organique;162.61;1.67;0.0;0.31;0.0;6.77;0.0;169.69;0.07
2020;1;211;beauce_5_sa_029;orgeh;orgeH_tousSols_nonirr_organique;2305.62;1.68;14.37;15.77;0.0;9.36;0.0;2345.12;0.07
2020;212;280;beauce_5_sa_029;solnu;;1267.6;1.67;35.64;6.5;0.0;3.29;0.0;1313.04;0.07
2020;281;366;beauce_5_sa_029;orgeh;orgeH_tousSols_nonirr_organique;233.5;1.66;0.0;0.16;0.0;7.95;0.0;241.61;0.07
2020;1;177;beauce_5_sa_030;orgeh;orgeH_tousSols_nonirr_organique;1626.38;1.69;22.28;11.1;0.0;12.61;0.0;1672.38;0.07
2020;178;314;beauce_5_sa_030;solnu;;2005.9;1.67;34.78;11.98;0.0;5.85;0.0;2058.5;0.07
2020;315;366;beauce_5_sa_030;orgeh;orgeH_tousSols_nonirr_organique;100.04;1.67;0.0;0.01;0.0;8.19;0.0;108.24;0.07
2020;1;214;beauce_5_sa_031;orgeh;orgeH_tousSols_nonirr_organique;2303.66;1.68;20.37;15.76;0.0;11.77;0.0;2351.55;0.07
2020;215;295;beauce_5_sa_031;solnu;;1309.82;1.67;28.81;6.43;0.0;5.62;0.0;1350.68;0.07
2020;296;366;beauce_5_sa_031;orgeh;orgeH_tousSols_nonirr_organique;145.99;1.67;0.0;0.04;0.0;6.69;0.0;152.72;0.07
2020;1;224;beauce_5_sa_032;orgeh;orgeH_tousSols_nonirr_organique;2493.21;1.68;24.95;17.04;0.0;12.41;0.0;2547.61;0.07
2020;225;308;beauce_5_sa_032;solnu;;1187.23;1.67;27.58;5.17;0.0;5.51;0.0;1225.5;0.07
2020;309;366;beauce_5_sa_032;orgeh;orgeH_tousSols_nonirr_organique;100.66;1.66;0.0;0.03;0.0;6.99;0.0;107.68;0.07
2020;1;218;beauce_5_sa_033;orgeh;orgeH_tousSols_nonirr_organique;2410.24;1.68;18.31;16.54;0.0;10.87;0.0;2455.96;0.07
2020;219;290;beauce_5_sa_033;solnu;;1026.68;1.67;18.64;1.56;0.0;3.6;0.0;1050.47;0.07
2020;291;366;beauce_5_sa_033;orgeh;orgeH_tousSols_nonirr_organique;112.34;1.67;0.0;0.83;0.0;6.47;0.0;119.64;0.07
2020;1;172;beauce_5_sa_034;orgeh;orgeH_tousSols_nonirr_organique;1507.41;1.69;19.66;10.48;0.0;11.52;0.0;1549.06;0.07
2020;173;293;beauce_5_sa_034;solnu;;2032.12;1.67;35.0;12.53;0.0;4.76;0.0;2084.42;0.07
2020;294;366;beauce_5_sa_034;orgeh;orgeH_tousSols_nonirr_organique;206.33;1.67;4.54;0.19;0.0;8.98;0.0;220.03;0.07
2020;1;178;beauce_5_sa_035;orgeh;orgeH_tousSols_nonirr_organique;1726.06;1.69;4.71;11.84;0.0;5.83;0.0;1748.44;0.07
2020;179;259;beauce_5_sa_035;solnu;;1610.15;1.67;32.31;9.32;0.0;1.25;0.0;1653.03;0.07
2020;260;366;beauce_5_sa_035;orgeh;orgeH_tousSols_nonirr_organique;332.91;1.67;0.0;1.52;0.0;5.65;0.0;340.08;0.07
2020;1;212;beauce_5_sa_036;orgeh;orgeH_tousSols_nonirr_organique;2267.24;1.68;19.66;15.53;0.0;11.5;0.0;2313.93;0.07
2020;213;293;beauce_5_sa_036;solnu;;1340.85;1.67;29.18;6.85;0.0;4.55;0.0;1381.43;0.07
2020;294;366;beauce_5_sa_036;orgeh;orgeH_tousSols_nonirr_organique;159.29;1.66;0.94;0.04;0.0;7.59;0.0;167.86;0.07
2020;1;205;beauce_5_sa_037;orgeh;orgeH_tousSols_nonirr_organique;2287.86;1.68;9.77;15.67;0.0;6.73;0.0;2320.02;0.07
2020;206;269;beauce_5_sa_037;solnu;;987.23;1.67;12.47;1.12;0.0;1.87;0.0;1002.69;0.07
2020;270;366;beauce_5_sa_037;orgeh;orgeH_tousSols_nonirr_organique;194.36;1.67;2.24;4.68;0.0;6.12;0.0;207.4;0.07
2020;1;227;beauce_5_sa_038;orgeh;orgeH_tousSols_nonirr_organique;2822.55;1.68;41.82;19.4;0.0;8.93;0.0;2892.69;0.07
2020;228;266;beauce_5_sa_038;solnu;;629.04;1.67;18.49;0.01;0.0;1.62;0.0;649.16;0.07
2020;267;366;beauce_5_sa_038;orgeh;orgeH_tousSols_nonirr_organique;203.65;1.67;0.03;3.09;0.0;9.03;0.0;215.81;0.07
2020;1;183;beauce_5_sa_039;orgeh;orgeH_tousSols_nonirr_organique;1730.62;1.69;22.38;12.13;0.0;12.54;0.0;1777.67;0.07
2020;184;316;beauce_5_sa_039;solnu;;1922.81;1.67;30.44;11.07;0.0;5.54;0.0;1969.86;0.07
2020;317;366;beauce_5_sa_039;orgeh;orgeH_tousSols_nonirr_organique;95.0;1.67;0.0;0.03;0.0;7.74;0.0;102.77;0.07
2020;1;201;beauce_5_sa_040;orgeh;orgeH_tousSols_nonirr_organique;2086.79;1.68;21.71;14.22;0.0;12.28;0.0;2135.0;0.07
2020;202;306;beauce_5_sa_040;solnu;;1474.71;1.67;19.66;7.13;0.0;5.56;0.0;1507.06;0.07
2020;307;366;beauce_5_sa_040;orgeh;orgeH_tousSols_nonirr_organique;103.31;1.67;0.0;0.04;0.0;6.35;0.0;109.7;0.07
2020;1;222;beauce_5_sa_041;orgeh;orgeH_tousSols_nonirr_organique;2581.3;1.68;26.79;17.77;0.0;9.29;0.0;2635.16;0.07
2020;223;276;beauce_5_sa_041;solnu;;1027.79;1.67;30.71;4.36;0.0;2.82;0.0;1065.68;0.07
2020;277;366;beauce_5_sa_041;orgeh;orgeH_tousSols_nonirr_organique;246.63;1.66;2.36;0.25;0.0;7.39;0.0;256.63;0.07
2020;1;175;beauce_5_sa_042;orgeh;orgeH_tousSols_nonirr_organique;1632.01;1.69;8.02;11.37;0.0;6.31;0.0;1657.7;0.07
2020;176;267;beauce_5_sa_042;solnu;;1753.83;1.67;27.83;10.42;0.0;1.43;0.0;1793.51;0.07
2020;268;366;beauce_5_sa_042;orgeh;orgeH_tousSols_nonirr_organique;311.37;1.67;6.65;0.49;0.0;7.19;0.0;325.7;0.07
2020;1;195;beauce_5_sa_043;orgeh;orgeH_tousSols_nonirr_organique;1992.07;1.68;21.86;13.63;0.0;12.41;0.0;2039.97;0.07
2020;196;309;beauce_5_sa_043;solnu;;1618.15;1.67;23.27;8.79;0.0;5.18;0.0;1655.39;0.07
2020;310;366;beauce_5_sa_043;orgeh;orgeH_tousSols_nonirr_organique;106.48;1.67;0.0;0.03;0.0;6.84;0.0;113.36;0.07
2020;1;197;beauce_5_sa_044;orgeh;orgeH_tousSols_nonirr_organique;2032.1;1.68;21.46;13.87;0.0;12.2;0.0;2079.63;0.07
2020;198;302;beauce_5_sa_044;solnu;;1584.25;1.67;28.21;9.44;0.0;5.2;0.0;1627.1;0.07
2020;303;366;beauce_5_sa_044;orgeh;orgeH_tousSols_nonirr_organique;169.4;1.66;1.14;0.14;0.0;7.22;0.0;177.9;0.07
2020;1;212;beauce_5_sa_045;orgeh;orgeH_tousSols_nonirr_organique;2255.52;1.68;20.75;15.44;0.0;11.95;0.0;2303.67;0.07
2020;213;297;beauce_5_sa_045;solnu;;1371.13;1.67;32.66;7.46;0.0;5.47;0.0;1416.72;0.07
2020;298;366;beauce_5_sa_045;orgeh;orgeH_tousSols_nonirr_organique;180.04;1.66;0.92;0.15;0.0;7.3;0.0;188.42;0.07
2020;1;220;beauce_5_sa_046;orgeh;orgeH_tousSols_nonirr_organique;2559.52;1.68;11.87;17.47;0.0;7.94;0.0;2596.79;0.07
2020;221;274;beauce_5_sa_046;solnu;;1029.08;1.67;40.72;4.26;0.0;3.62;0.0;1077.67;0.07
2020;275;366;beauce_5_sa_046;orgeh;orgeH_tousSols_nonirr_organique;209.25;1.66;0.37;0.25;0.0;7.51;0.0;217.39;0.07
2020;1;200;beauce_5_sa_047;orgeh;orgeH_tousSols_nonirr_organique;2182.61;1.68;10.59;14.93;0.0;7.31;0.0;2215.44;0.07
2020;201;272;beauce_5_sa_047;solnu;;1331.0;1.67;28.63;7.11;0.0;1.48;0.0;1368.21;0.07
2020;273;366;beauce_5_sa_047;orgeh;orgeH_tousSols_nonirr_organique;280.45;1.66;12.15;0.41;0.0;9.08;0.0;302.08;0.07
2020;1;175;beauce_5_sa_048;orgeh;orgeH_tousSols_nonirr_organique;1636.06;1.69;8.26;11.4;0.0;6.13;0.0;1661.84;0.07
2020;176;266;beauce_5_sa_048;solnu;;1747.99;1.67;29.52;10.34;0.0;1.46;0.0;1789.31;0.07
2020;267;366;beauce_5_sa_048;orgeh;orgeH_tousSols_nonirr_organique;313.06;1.67;6.01;0.6;0.0;7.13;0.0;326.81;0.07
2020;1;171;beauce_5_sa_049;orgeh;orgeH_tousSols_nonirr_organique;1464.21;1.69;22.27;10.17;0.0;12.63;0.0;1509.29;0.07
2020;172;314;beauce_5_sa_049;solnu;;2213.42;1.67;43.29;14.09;0.0;6.49;0.0;2277.3;0.07
2020;315;366;beauce_5_sa_049;orgeh;orgeH_tousSols_nonirr_organique;140.23;1.66;4.83;0.19;0.0;8.97;0.0;154.22;0.07
2020;1;224;beauce_5_sa_050;orgeh;orgeH_tousSols_nonirr_organique;2484.89;1.68;25.07;16.98;0.0;12.66;0.0;2539.6;0.07
2020;225;315;beauce_5_sa_050;solnu;;1270.8;1.67;32.58;6.74;0.0;5.45;0.0;1315.58;0.07
2020;316;366;beauce_5_sa_050;orgeh;orgeH_tousSols_nonirr_organique;123.51;1.66;1.25;0.09;0.0;7.35;0.0;132.2;0.07
2020;1;186;beauce_5_sa_051;orgeh;orgeH_tousSols_nonirr_organique;1850.75;1.69;20.15;12.65;0.0;11.64;0.0;1895.2;0.07
2020;187;294;beauce_5_sa_051;solnu;;1707.03;1.67;27.18;9.93;0.0;5.58;0.0;1749.72;0.07
2020;295;366;beauce_5_sa_051;orgeh;orgeH_tousSols_nonirr_organique;160.31;1.67;0.04;0.03;0.0;6.75;0.0;167.14;0.07
2020;1;219;beauce_5_sa_052;orgeh;orgeH_tousSols_nonirr_organique;2392.83;1.68;21.46;16.36;0.0;12.2;0.0;2442.84;0.07
2020;220;302;beauce_5_sa_052;solnu;;1275.29;1.67;32.04;6.71;0.0;5.26;0.0;1319.3;0.07
2020;303;366;beauce_5_sa_052;orgeh;orgeH_tousSols_nonirr_organique;164.25;1.66;1.03;0.16;0.0;7.25;0.0;172.7;0.07
2020;1;201;beauce_5_sa_053;orgeh;orgeH_tousSols_nonirr_organique;2129.16;1.68;16.99;14.52;0.0;10.45;0.0;2171.11;0.07
2020;202;287;beauce_5_sa_053;solnu;;1352.66;1.67;17.38;5.94;0.0;3.34;0.0;1379.32;0.07
2020;288;366;beauce_5_sa_053;orgeh;orgeH_tousSols_nonirr_organique;136.99;1.67;0.0;0.31;0.0;6.27;0.0;143.58;0.07
2020;1;174;beauce_5_sa_054;orgeh;orgeH_tousSols_nonirr_organique;1603.81;1.69;8.02;11.07;0.0;6.31;0.0;1629.2;0.07
2020;175;267;beauce_5_sa_054;solnu;;1762.37;1.67;27.02;10.6;0.0;1.34;0.0;1801.33;0.07
2020;268;366;beauce_5_sa_054;orgeh;orgeH_tousSols_nonirr_organique;307.86;1.67;6.6;0.56;0.0;7.1;0.0;322.12;0.07
2020;1;219;beauce_5_sa_055;orgeh;orgeH_tousSols_nonirr_organique;2391.13;1.68;21.66;16.35;0.0;12.3;0.0;2441.44;0.07
2020;220;304;beauce_5_sa_055;solnu;;1232.09;1.67;24.02;5.33;0.0;5.69;0.0;1267.14;0.07
2020;305;366;beauce_5_sa_055;orgeh;orgeH_tousSols_nonirr_organique;104.9;1.67;0.0;0.03;0.0;6.43;0.0;111.37;0.07
2020;1;230;beauce_5_sa_056;orgeh;orgeH_tousSols_nonirr_organique;2979.78;1.67;53.03;20.4;0.0;8.23;0.0;3061.44;0.07
2020;231;257;beauce_5_sa_056;solnu;;591.05;1.67;25.23;0.35;0.0;1.77;0.0;618.41;0.07
2020;258;366;beauce_5_sa_056;orgeh;orgeH_tousSols_nonirr_organique;252.44;1.66;0.0;2.15;0.0;9.84;0.0;264.43;0.07
2020;1;191;beauce_5_sa_057;orgeh;orgeH_tousSols_nonirr_organique;2070.2;1.68;4.87;14.18;0.0;5.93;0.0;2095.18;0.07
2020;192;260;beauce_5_sa_057;solnu;;1377.88;1.67;36.77;7.46;0.0;1.69;0.0;1423.8;0.07
2020;261;366;beauce_5_sa_057;orgeh;orgeH_tousSols_nonirr_organique;317.33;1.66;0.0;1.26;0.0;6.33;0.0;324.93;0.07
2020;1;223;beauce_5_sa_058;orgeh;orgeH_tousSols_nonirr_organique;2475.21;1.68;24.81;16.92;0.0;12.39;0.0;2529.33;0.07
2020;224;307;beauce_5_sa_058;solnu;;1238.02;1.67;31.2;6.42;0.0;5.43;0.0;1281.08;0.07
2020;308;366;beauce_5_sa_058;orgeh;orgeH_tousSols_nonirr_organique;144.66;1.66;1.66;0.12;0.0;7.26;0.0;153.71;0.07
2020;1;218;beauce_5_sa_059;orgeh;orgeH_tousSols_nonirr_organique;2495.55;1.68;13.62;17.14;0.0;8.65;0.0;2534.96;0.07
2020;219;276;beauce_5_sa_059;solnu;;1008.35;1.67;30.53;2.73;0.0;3.63;0.0;1045.24;0.07
2020;277;366;beauce_5_sa_059;orgeh;orgeH_tousSols_nonirr_organique;158.59;1.67;0.0;1.11;0.0;6.34;0.0;166.04;0.07
2020;1;219;beauce_5_sa_060;orgeh;orgeH_tousSols_nonirr_organique;2673.53;1.68;14.36;18.29;0.0;6.19;0.0;2712.37;0.07
2020;220;262;beauce_5_sa_060;solnu;;675.77;1.67;22.3;0.14;0.0;2.35;0.0;700.56;0.07
2020;263;366;beauce_5_sa_060;orgeh;orgeH_tousSols_nonirr_organique;225.64;1.67;2.71;5.2;0.0;6.55;0.0;240.11;0.07
2020;1;221;beauce_5_sa_061;orgeh;orgeH_tousSols_nonirr_organique;2584.99;1.68;11.59;17.7;0.0;7.73;0.0;2622.02;0.07
2020;222;273;beauce_5_sa_061;solnu;;1006.61;1.67;45.47;4.29;0.0;3.88;0.0;1060.25;0.07
2020;274;366;beauce_5_sa_061;orgeh;orgeH_tousSols_nonirr_organique;262.88;1.66;1.93;0.33;0.0;8.26;0.0;273.39;0.07
2020;1;179;beauce_5_sa_062;orgeh;orgeH_tousSols_nonirr_organique;1671.52;1.69;16.85;11.46;0.0;10.45;0.0;1710.29;0.07
2020;180;287;beauce_5_sa_062;solnu;;1840.54;1.67;27.86;11.3;0.0;3.28;0.0;1882.98;0.07
2020;288;366;beauce_5_sa_062;orgeh;orgeH_tousSols_nonirr_organique;224.3;1.67;5.05;0.14;0.0;8.35;0.0;237.84;0.07
2020;1;208;beauce_5_sa_063;orgeh;orgeH_tousSols_nonirr_organique;2204.64;1.68;20.41;15.04;0.0;11.77;0.0;2251.85;0.07
2020;209;295;beauce_5_sa_063;solnu;;1303.53;1.67;14.73;5.42;0.0;5.14;0.0;1328.82;0.07
2020;296;366;beauce_5_sa_063;orgeh;orgeH_tousSols_nonirr_organique;121.95;1.67;0.0;0.26;0.0;5.38;0.0;127.59;0.07
2020;1;193;beauce_5_sa_064;orgeh;orgeH_tousSols_nonirr_organique;1943.81;1.68;22.28;13.37;0.0;12.62;0.0;1992.07;0.07
2020;194;314;beauce_5_sa_064;solnu;;1714.75;1.67;26.98;9.89;0.0;5.24;0.0;1756.86;0.07
2020;315;366;beauce_5_sa_064;orgeh;orgeH_tousSols_nonirr_organique;100.91;1.67;0.0;0.04;0.0;7.29;0.0;108.24;0.07
2020;1;195;beauce_5_sa_065;orgeh;orgeH_tousSols_nonirr_organique;2060.67;1.68;14.26;14.11;0.0;9.12;0.0;2098.16;0.07
2020;196;278;beauce_5_sa_065;solnu;;1248.61;1.67;15.41;3.2;0.0;3.19;0.0;1270.41;0.07
2020;279;366;beauce_5_sa_065;orgeh;orgeH_tousSols_nonirr_organique;149.37;1.67;0.35;3.07;0.0;6.08;0.0;158.86;0.07
2020;1;187;beauce_5_sa_066;orgeh;orgeH_tousSols_nonirr_organique;1911.54;1.68;13.54;13.07;0.0;8.63;0.0;1946.79;0.07
2020;188;276;beauce_5_sa_066;solnu;;1350.68;1.67;16.6;3.91;0.0;3.15;0.0;1374.33;0.07
2020;277;366;beauce_5_sa_066;orgeh;orgeH_tousSols_nonirr_organique;165.41;1.67;1.21;3.82;0.0;5.98;0.0;176.41;0.07
2020;1;207;beauce_5_sa_067;orgeh;orgeH_tousSols_nonirr_organique;2341.2;1.68;9.2;16.0;0.0;6.49;0.0;2372.89;0.07
2020;208;268;beauce_5_sa_067;solnu;;1180.69;1.67;32.83;5.2;0.0;1.97;0.0;1220.69;0.07
2020;269;366;beauce_5_sa_067;orgeh;orgeH_tousSols_nonirr_organique;205.72;1.67;0.0;1.62;0.0;6.92;0.0;214.26;0.07
2020;1;196;beauce_5_sa_068;orgeh;orgeH_tousSols_nonirr_organique;2008.85;1.68;21.87;13.75;0.0;12.4;0.0;2056.88;0.07
2020;197;309;beauce_5_sa_068;solnu;;1567.44;1.67;19.71;8.01;0.0;5.67;0.0;1600.83;0.07
2020;310;366;beauce_5_sa_068;orgeh;orgeH_tousSols_nonirr_organique;94.97;1.67;0.0;0.04;0.0;6.38;0.0;101.4;0.07
2020;1;176;beauce_5_sa_069;orgeh;orgeH_tousSols_nonirr_organique;1702.87;1.69;4.51;11.63;0.0;5.75;0.0;1724.76;0.07
2020;177;258;beauce_5_sa_069;solnu;;1367.36;1.67;8.63;3.83;0.0;1.26;0.0;1381.08;0.07
2020;259;366;beauce_5_sa_069;orgeh;orgeH_tousSols_nonirr_organique;282.58;1.67;4.05;7.04;0.0;4.39;0.0;298.06;0.07
2020;1;185;beauce_5_sa_070;orgeh;orgeH_tousSols_nonirr_organique;1823.66;1.69;21.66;12.47;0.0;12.3;0.0;1870.09;0.07
2020;186;304;beauce_5_sa_070;solnu;;1738.27;1.67;19.62;9.36;0.0;5.74;0.0;1772.99;0.07
2020;305;366;beauce_5_sa_070;orgeh;orgeH_tousSols_nonirr_organique;112.55;1.67;0.0;0.03;0.0;6.42;0.0;119.0;0.07
2020;1;205;beauce_5_sa_071;orgeh;orgeH_tousSols_nonirr_organique;2335.3;1.68;7.12;16.0;0.0;5.91;0.0;2364.33;0.07
2020;206;263;beauce_5_sa_071;solnu;;1181.29;1.67;37.6;5.73;0.0;1.94;0.0;1226.56;0.07
2020;264;366;beauce_5_sa_071;orgeh;orgeH_tousSols_nonirr_organique;293.85;1.66;1.35;0.91;0.0;6.97;0.0;303.08;0.07
2020;1;204;beauce_5_sa_072;orgeh;orgeH_tousSols_nonirr_organique;2216.95;1.68;12.95;15.17;0.0;8.36;0.0;2253.43;0.07
2020;205;275;beauce_5_sa_072;solnu;;1268.43;1.67;25.14;5.54;0.0;3.01;0.0;1302.12;0.07
2020;276;366;beauce_5_sa_072;orgeh;orgeH_tousSols_nonirr_organique;172.27;1.67;0.0;1.15;0.0;5.88;0.0;179.3;0.07
2020;1;203;beauce_5_sa_073;orgeh;orgeH_tousSols_nonirr_organique;2103.54;1.68;22.01;14.35;0.0;12.53;0.0;2152.42;0.07
2020;204;311;beauce_5_sa_073;solnu;;1572.83;1.67;28.91;9.37;0.0;5.18;0.0;1616.29;0.07
2020;312;366;beauce_5_sa_073;orgeh;orgeH_tousSols_nonirr_organique;138.89;1.66;1.71;0.09;0.0;7.24;0.0;147.94;0.07
2020;1;193;beauce_5_sa_074;orgeh;orgeH_tousSols_nonirr_organique;2046.72;1.68;11.41;14.1;0.0;7.27;0.0;2079.51;0.07
2020;194;271;beauce_5_sa_074;solnu;;1314.39;1.67;24.44;4.6;0.0;1.54;0.0;1344.97;0.07
2020;272;366;beauce_5_sa_074;orgeh;orgeH_tousSols_nonirr_organique;192.29;1.67;0.0;2.45;0.0;7.01;0.0;201.75;0.07
2020;1;203;beauce_5_sa_075;orgeh;orgeH_tousSols_nonirr_organique;2280.61;1.68;8.45;15.57;0.0;6.22;0.0;2310.85;0.07
2020;204;266;beauce_5_sa_075;solnu;;938.96;1.67;11.98;0.95;0.0;1.9;0.0;953.79;0.07
2020;267;366;beauce_5_sa_075;orgeh;orgeH_tousSols_nonirr_organique;217.46;1.67;2.78;6.13;0.0;5.69;0.0;232.06;0.07
2020;1;203;beauce_5_sa_076;orgeh;orgeH_tousSols_nonirr_organique;2106.72;1.68;21.65;14.37;0.0;12.13;0.0;2154.87;0.07
2020;204;305;beauce_5_sa_076;solnu;;1485.55;1.67;20.39;7.62;0.0;5.35;0.0;1518.91;0.07
2020;306;366;beauce_5_sa_076;orgeh;orgeH_tousSols_nonirr_organique;112.58;1.67;0.0;0.03;0.0;6.43;0.0;119.04;0.07
2020;1;175;beauce_5_sa_077;orgeh;orgeH_tousSols_nonirr_organique;1606.33;1.69;12.97;11.18;0.0;8.51;0.0;1639.0;0.07
2020;176;276;beauce_5_sa_077;solnu;;1844.93;1.67;33.03;11.2;0.0;2.87;0.0;1892.02;0.07
2020;277;366;beauce_5_sa_077;orgeh;orgeH_tousSols_nonirr_organique;272.69;1.67;2.57;0.33;0.0;7.71;0.0;283.3;0.07
2020;1;185;beauce_5_sa_078;orgeh;orgeH_tousSols_nonirr_organique;1824.82;1.69;21.41;12.48;0.0;12.19;0.0;1870.91;0.07
2020;186;301;beauce_5_sa_078;solnu;;1777.94;1.67;27.0;10.73;0.0;5.24;0.0;1820.91;0.07
2020;302;366;beauce_5_sa_078;orgeh;orgeH_tousSols_nonirr_organique;174.27;1.66;0.98;0.15;0.0;7.17;0.0;182.58;0.07
2020;1;172;beauce_5_sa_079;orgeh;orgeH_tousSols_nonirr_organique;1536.97;1.69;11.34;10.7;0.0;7.26;0.0;1566.26;0.07
2020;173;271;beauce_5_sa_079;solnu;;1721.89;1.67;21.25;7.78;0.0;1.27;0.0;1752.2;0.07
2020;272;366;beauce_5_sa_079;orgeh;orgeH_tousSols_nonirr_organique;210.27;1.67;0.0;2.62;0.0;6.74;0.0;219.63;0.07
2020;1;216;beauce_5_sa_080;orgeh;orgeH_tousSols_nonirr_organique;2375.56;1.68;17.24;16.24;0.0;10.58;0.0;2419.63;0.07
2020;217;288;beauce_5_sa_080;solnu;;1239.75;1.67;31.23;6.13;0.0;3.4;0.0;1280.51;0.07
2020;289;366;beauce_5_sa_080;orgeh;orgeH_tousSols_nonirr_organique;172.87;1.66;2.08;0.03;0.0;8.22;0.0;183.19;0.07
2020;1;203;beauce_5_sa_081;orgeh;orgeH_tousSols_nonirr_organique;2174.55;1.68;15.26;14.84;0.0;9.59;0.0;2214.24;0.07
2020;204;281;beauce_5_sa_081;solnu;;1208.46;1.67;19.32;3.53;0.0;3.31;0.0;1234.63;0.07
2020;282;366;beauce_5_sa_081;orgeh;orgeH_tousSols_nonirr_organique;141.19;1.67;0.0;1.73;0.0;6.06;0.0;148.98;0.07
2020;1;174;beauce_5_sa_082;orgeh;orgeH_tousSols_nonirr_organique;1550.43;1.69;22.52;10.68;0.0;12.73;0.0;1596.36;0.07
2020;175;318;beauce_5_sa_082;solnu;;2033.79;1.67;29.62;11.43;0.0;6.65;0.0;2081.48;0.07
2020;319;366;beauce_5_sa_082;orgeh;orgeH_tousSols_nonirr_organique;82.78;1.67;0.0;0.2;0.0;7.76;0.0;90.75;0.07
2020;1;200;beauce_5_sa_083;orgeh;orgeH_tousSols_nonirr_organique;2272.6;1.68;5.12;15.56;0.0;5.98;0.0;2299.27;0.07
2020;201;260;beauce_5_sa_083;solnu;;958.71;1.67;15.42;1.21;0.0;1.75;0.0;977.08;0.07
2020;261;366;beauce_5_sa_083;orgeh;orgeH_tousSols_nonirr_organique;248.8;1.67;3.74;6.78;0.0;5.15;0.0;264.47;0.07
2020;1;231;beauce_5_sa_084;orgeh;orgeH_tousSols_nonirr_organique;2671.24;1.68;26.46;18.23;0.0;12.11;0.0;2728.04;0.07
2020;232;300;beauce_5_sa_084;solnu;;922.62;1.67;17.42;2.3;0.0;5.51;0.0;947.85;0.07
2020;301;366;beauce_5_sa_084;orgeh;orgeH_tousSols_nonirr_organique;97.11;1.67;0.0;0.19;0.0;5.64;0.0;102.94;0.07
2020;1;224;beauce_5_sa_085;orgeh;orgeH_tousSols_nonirr_organique;2498.75;1.68;24.84;17.07;0.0;12.16;0.0;2552.82;0.07
2020;225;303;beauce_5_sa_085;solnu;;1181.64;1.67;30.78;5.39;0.0;5.56;0.0;1223.37;0.07
2020;304;366;beauce_5_sa_085;orgeh;orgeH_tousSols_nonirr_organique;123.11;1.66;0.0;0.05;0.0;7.3;0.0;130.47;0.07
2020;1;187;beauce_5_sa_086;orgeh;orgeH_tousSols_nonirr_organique;1846.9;1.69;22.52;12.62;0.0;12.72;0.0;1894.76;0.07
2020;188;317;beauce_5_sa_086;solnu;;1729.1;1.67;18.67;8.96;0.0;5.89;0.0;1762.62;0.07
2020;318;366;beauce_5_sa_086;orgeh;orgeH_tousSols_nonirr_organique;76.23;1.67;0.0;0.05;0.0;6.53;0.0;82.81;0.07
2020;1;196;beauce_5_sa_087;orgeh;orgeH_tousSols_nonirr_organique;2104.02;1.68;11.49;14.42;0.0;7.73;0.0;2137.66;0.07
2020;197;273;beauce_5_sa_087;solnu;;1397.68;1.67;36.12;7.7;0.0;3.03;0.0;1444.52;0.07
2020;274;366;beauce_5_sa_087;orgeh;orgeH_tousSols_nonirr_organique;278.52;1.66;2.12;0.38;0.0;7.58;0.0;288.6;0.07
2020;1;175;beauce_5_sa_088;orgeh;orgeH_tousSols_nonirr_organique;1575.74;1.69;22.5;10.95;0.0;12.73;0.0;1621.93;0.07
2020;176;317;beauce_5_sa_088;solnu;;2107.42;1.67;38.59;13.29;0.0;6.02;0.0;2165.33;0.07
2020;318;366;beauce_5_sa_088;orgeh;orgeH_tousSols_nonirr_organique;128.69;1.66;4.23;0.07;0.0;8.53;0.0;141.52;0.07
2020;1;216;beauce_5_sa_089;orgeh;orgeH_tousSols_nonirr_organique;2336.93;1.68;20.92;15.98;0.0;11.98;0.0;2385.81;0.07
2020;217;298;beauce_5_sa_089;solnu;;1286.68;1.67;27.36;6.16;0.0;5.45;0.0;1325.66;0.07
2020;299;366;beauce_5_sa_089;orgeh;orgeH_tousSols_nonirr_organique;135.89;1.67;0.0;0.04;0.0;6.69;0.0;142.61;0.07
2020;1;220;beauce_5_sa_090;orgeh;orgeH_tousSols_nonirr_organique;2626.79;1.68;13.25;17.94;0.0;6.75;0.0;2664.73;0.07
2020;221;269;beauce_5_sa_090;solnu;;818.39;1.67;34.71;0.63;0.0;2.85;0.0;856.58;0.07
2020;270;366;beauce_5_sa_090;orgeh;orgeH_tousSols_nonirr_organique;191.45;1.67;0.0;2.3;0.0;8.39;0.0;202.15;0.07
2020;1;214;beauce_5_sa_091;orgeh;orgeH_tousSols_nonirr_organique;2270.48;1.68;22.33;15.53;0.0;12.66;0.0;2321.0;0.07
2020;215;315;beauce_5_sa_091;solnu;;1450.96;1.67;30.81;8.25;0.0;5.27;0.0;1495.29;0.07
2020;316;366;beauce_5_sa_091;orgeh;orgeH_tousSols_nonirr_organique;127.37;1.66;1.33;0.08;0.0;7.27;0.0;136.05;0.07
2020;1;179;beauce_5_sa_092;orgeh;orgeH_tousSols_nonirr_organique;1654.98;1.69;21.67;11.34;0.0;12.11;0.0;1700.1;0.07
2020;180;305;beauce_5_sa_092;solnu;;1783.54;1.67;13.65;8.68;0.0;5.28;0.0;1811.15;0.07
2020;306;366;beauce_5_sa_092;orgeh;orgeH_tousSols_nonirr_organique;100.4;1.67;0.0;0.36;0.0;5.72;0.0;106.48;0.07
2020;1;201;beauce_5_sa_093;orgeh;orgeH_tousSols_nonirr_organique;2128.81;1.68;16.85;14.51;0.0;10.45;0.0;2170.63;0.07
2020;202;287;beauce_5_sa_093;solnu;;1441.85;1.67;29.25;8.16;0.0;3.34;0.0;1482.6;0.07
2020;288;366;beauce_5_sa_093;orgeh;orgeH_tousSols_nonirr_organique;217.27;1.66;4.85;0.12;0.0;8.36;0.0;230.59;0.07
2020;1;192;beauce_5_sa_094;orgeh;orgeH_tousSols_nonirr_organique;1954.57;1.68;19.17;13.36;0.0;11.3;0.0;1998.41;0.07
2020;193;292;beauce_5_sa_094;solnu;;1599.63;1.67;27.23;9.11;0.0;4.57;0.0;1640.53;0.07
2020;293;366;beauce_5_sa_094;orgeh;orgeH_tousSols_nonirr_organique;168.88;1.67;0.71;0.04;0.0;7.46;0.0;177.08;0.07
2020;1;206;beauce_5_sa_095;orgeh;orgeH_tousSols_nonirr_organique;2156.93;1.68;21.3;14.76;0.0;12.12;0.0;2205.11;0.07
2020;207;300;beauce_5_sa_095;solnu;;1362.59;1.67;15.31;5.89;0.0;5.07;0.0;1388.86;0.07
2020;301;366;beauce_5_sa_095;orgeh;orgeH_tousSols_nonirr_organique;110.66;1.67;0.0;0.16;0.0;5.72;0.0;116.54;0.07
2020;1;178;beauce_5_sa_096;orgeh;orgeH_tousSols_nonirr_organique;1638.42;1.69;21.77;11.23;0.0;12.35;0.0;1683.77;0.07
2020;179;307;beauce_5_sa_096;solnu;;1930.51;1.67;28.24;11.03;0.0;5.89;0.0;1975.67;0.07
2020;308;366;beauce_5_sa_096;orgeh;orgeH_tousSols_nonirr_organique;112.79;1.67;0.0;0.05;0.0;7.44;0.0;120.29;0.07
2020;1;208;beauce_5_sa_097;orgeh;orgeH_tousSols_nonirr_organique;2272.44;1.68;13.66;15.51;0.0;8.99;0.0;2310.59;0.07
2020;209;278;beauce_5_sa_097;solnu;;1280.88;1.67;36.14;6.71;0.0;3.11;0.0;1326.85;0.07
2020;279;366;beauce_5_sa_097;orgeh;orgeH_tousSols_nonirr_organique;242.9;1.66;0.04;0.2;0.0;7.92;0.0;251.07;0.07
2020;1;207;beauce_5_sa_098;orgeh;orgeH_tousSols_nonirr_organique;2395.36;1.68;4.91;16.38;0.0;5.84;0.0;2422.48;0.07
2020;208;261;beauce_5_sa_098;solnu;;1120.35;1.67;40.42;5.25;0.0;1.85;0.0;1167.86;0.07
2020;262;366;beauce_5_sa_098;orgeh;orgeH_tousSols_nonirr_organique;301.04;1.66;0.0;0.92;0.0;6.71;0.0;308.67;0.07
2020;1;216;beauce_5_sa_099;orgeh;orgeH_tousSols_nonirr_organique;2561.05;1.68;11.39;17.53;0.0;6.06;0.0;2596.03;0.07
2020;217;265;beauce_5_sa_099;solnu;;1011.4;1.67;40.98;4.3;0.0;2.25;0.0;1058.93;0.07
2020;266;366;beauce_5_sa_099;orgeh;orgeH_tousSols_nonirr_organique;286.92;1.66;3.13;0.53;0.0;7.91;0.0;298.49;0.07
2021;1;199;beauce_5_sa_000;orgeh;orgeH_tousSols_nonirr_organique;988.48;1.66;3.57;19.37;0.0;15.93;0.0;1027.35;0.07
2021;200;274;beauce_5_sa_000;solnu;;917.29;1.65;15.05;7.0;0.0;2.99;0.0;942.33;0.07
2021;275;365;beauce_5_sa_000;orgeh;orgeH_tousSols_nonirr_organique;165.59;1.64;0.0;2.87;0.0;11.63;0.0;180.1;0.07
2021;1;202;beauce_5_sa_001;orgeh;orgeH_tousSols_nonirr_organique;1104.15;1.65;10.62;19.72;0.0;14.33;0.0;1148.82;0.07
2021;203;265;beauce_5_sa_001;solnu;;792.41;1.65;17.31;4.03;0.0;3.19;0.0;816.94;0.07
2021;266;365;beauce_5_sa_001;orgeh;orgeH_tousSols_nonirr_organique;208.7;1.64;0.0;2.45;0.0;13.01;0.0;224.16;0.07
2021;1;229;beauce_5_sa_002;orgeh;orgeH_tousSols_nonirr_organique;1350.86;1.65;3.54;23.14;0.0;17.08;0.0;1394.62;0.07
2021;230;289;beauce_5_sa_002;solnu;;579.69;1.65;15.13;1.28;0.0;2.79;0.0;598.89;0.07
2021;290;365;beauce_5_sa_002;orgeh;orgeH_tousSols_nonirr_organique;97.06;1.64;0.0;0.49;0.0;12.76;0.0;110.32;0.07
2021;1;190;beauce_5_sa_003;orgeh;orgeH_tousSols_nonirr_organique;852.62;1.66;0.0;16.96;0.0;16.1;0.0;885.68;0.07
2021;191;291;beauce_5_sa_003;solnu;;1051.16;1.65;8.32;7.64;0.0;2.62;0.0;1069.74;0.07
2021;292;365;beauce_5_sa_003;orgeh;orgeH_tousSols_nonirr_organique;100.01;1.65;0.0;0.95;0.0;8.16;0.0;109.13;0.07
2021;1;211;beauce_5_sa_004;orgeh;orgeH_tousSols_nonirr_organique;1082.78;1.65;3.39;20.09;0.0;18.95;0.0;1125.21;0.07
2021;212;277;beauce_5_sa_004;solnu;;781.74;1.65;15.59;5.34;0.0;3.48;0.0;806.16;0.07
2021;278;365;beauce_5_sa_004;orgeh;orgeH_tousSols_nonirr_organique;164.92;1.64;0.0;1.73;0.0;12.55;0.0;179.2;0.07
2021;1;211;beauce_5_sa_005;orgeh;orgeH_tousSols_nonirr_organique;1010.56;1.65;0.44;17.97;0.0;21.16;0.0;1050.14;0.07
2021;212;304;beauce_5_sa_005;solnu;;895.94;1.64;10.84;6.58;0.0;3.97;0.0;917.33;0.07
2021;305;365;beauce_5_sa_005;orgeh;orgeH_tousSols_nonirr_organique;65.25;1.64;0.0;0.9;0.0;9.26;0.0;75.41;0.07
2021;1;175;beauce_5_sa_006;orgeh;orgeH_tousSols_nonirr_organique;679.13;1.66;0.03;14.7;0.0;13.05;0.0;706.9;0.07
2021;176;278;beauce_5_sa_006;solnu;;1162.37;1.65;13.89;9.95;0.0;3.41;0.0;1189.62;0.07
2021;279;365;beauce_5_sa_006;orgeh;orgeH_tousSols_nonirr_organique;171.84;1.65;1.88;4.14;0.0;11.24;0.0;189.1;0.07
2021;1;181;beauce_5_sa_007;orgeh;orgeH_tousSols_nonirr_organique;692.78;1.66;0.0;13.52;0.0;20.92;0.0;727.22;0.07
2021;182;308;beauce_5_sa_007;solnu;;1238.71;1.65;15.47;11.79;0.0;5.62;0.0;1271.59;0.07
2021;309;365;beauce_5_sa_007;orgeh;orgeH_tousSols_nonirr_organique;83.01;1.64;8.52;1.98;0.0;12.51;0.0;106.02;0.07
2021;1;180;beauce_5_sa_008;orgeh;orgeH_tousSols_nonirr_organique;647.33;1.66;0.0;12.33;0.0;19.03;0.0;678.69;0.07
2021;181;284;beauce_5_sa_008;solnu;;1126.15;1.65;12.03;12.08;0.0;3.86;0.0;1154.12;0.07
2021;285;365;beauce_5_sa_008;orgeh;orgeH_tousSols_nonirr_organique;189.15;1.64;3.34;0.94;0.0;10.88;0.0;204.31;0.07
2021;1;184;beauce_5_sa_009;orgeh;orgeH_tousSols_nonirr_organique;661.12;1.66;0.0;11.91;0.0;23.71;0.0;696.75;0.07
2021;185;310;beauce_5_sa_009;solnu;;1208.26;1.64;23.35;13.8;0.0;4.9;0.0;1250.31;0.07
2021;311;365;beauce_5_sa_009;orgeh;orgeH_tousSols_nonirr_organique;118.86;1.64;18.35;0.18;0.0;16.1;0.0;153.49;0.07
2021;1;225;beauce_5_sa_010;orgeh;orgeH_tousSols_nonirr_organique;1304.79;1.65;6.59;23.01;0.0;18.55;0.0;1352.94;0.07
2021;226;274;beauce_5_sa_010;solnu;;579.22;1.64;16.48;2.68;0.0;3.24;0.0;601.61;0.07
2021;275;365;beauce_5_sa_010;orgeh;orgeH_tousSols_nonirr_organique;166.35;1.64;0.0;1.0;0.0;14.44;0.0;181.79;0.07
2021;1;220;beauce_5_sa_011;orgeh;orgeH_tousSols_nonirr_organique;1108.5;1.65;2.7;18.66;0.0;23.63;0.0;1153.48;0.07
2021;221;312;beauce_5_sa_011;solnu;;826.34;1.64;18.07;6.38;0.0;5.06;0.0;855.85;0.07
2021;313;365;beauce_5_sa_011;orgeh;orgeH_tousSols_nonirr_organique;59.69;1.64;1.9;0.25;0.0;11.74;0.0;73.58;0.07
2021;1;219;beauce_5_sa_012;orgeh;orgeH_tousSols_nonirr_organique;1117.94;1.65;2.96;19.04;0.0;23.53;0.0;1163.46;0.07
2021;220;296;beauce_5_sa_012;solnu;;767.9;1.64;15.48;6.12;0.0;4.13;0.0;793.64;0.07
2021;297;365;beauce_5_sa_012;orgeh;orgeH_tousSols_nonirr_organique;124.16;1.64;4.2;0.52;0.0;12.53;0.0;141.41;0.07
2021;1;175;beauce_5_sa_013;orgeh;orgeH_tousSols_nonirr_organique;611.67;1.66;0.0;11.97;0.0;22.88;0.0;646.52;0.07
2021;176;305;beauce_5_sa_013;solnu;;1340.32;1.64;20.86;15.07;0.0;7.01;0.0;1383.25;0.07
2021;306;365;beauce_5_sa_013;orgeh;orgeH_tousSols_nonirr_organique;139.84;1.64;23.45;0.31;0.0;18.87;0.0;182.47;0.07
2021;1;206;beauce_5_sa_014;orgeh;orgeH_tousSols_nonirr_organique;934.6;1.65;0.52;16.45;0.0;22.36;0.0;973.93;0.07
2021;207;290;beauce_5_sa_014;solnu;;898.4;1.65;10.76;7.94;0.0;3.68;0.0;920.79;0.07
2021;291;365;beauce_5_sa_014;orgeh;orgeH_tousSols_nonirr_organique;147.24;1.64;4.76;0.78;0.0;10.86;0.0;163.64;0.07
2021;1;216;beauce_5_sa_015;orgeh;orgeH_tousSols_nonirr_organique;1101.27;1.65;0.79;18.9;0.0;23.25;0.0;1144.21;0.07
2021;217;293;beauce_5_sa_015;solnu;;779.76;1.64;16.12;6.26;0.0;4.2;0.0;806.34;0.07
2021;294;365;beauce_5_sa_015;orgeh;orgeH_tousSols_nonirr_organique;134.34;1.64;4.1;0.89;0.0;12.56;0.0;151.89;0.07
2021;1;171;beauce_5_sa_016;orgeh;orgeH_tousSols_nonirr_organique;660.48;1.66;0.04;14.19;0.0;15.47;0.0;690.19;0.07
2021;172;287;beauce_5_sa_016;solnu;;1285.16;1.65;15.09;11.5;0.0;4.34;0.0;1316.09;0.07
2021;288;365;beauce_5_sa_016;orgeh;orgeH_tousSols_nonirr_organique;137.95;1.64;2.09;4.36;0.0;12.9;0.0;157.3;0.07
2021;1;218;beauce_5_sa_017;orgeh;orgeH_tousSols_nonirr_organique;1095.34;1.65;0.65;18.62;0.0;22.83;0.0;1137.44;0.07
2021;219;298;beauce_5_sa_017;solnu;;785.38;1.64;17.41;6.37;0.0;4.27;0.0;813.43;0.07
2021;299;365;beauce_5_sa_017;orgeh;orgeH_tousSols_nonirr_organique;117.07;1.64;5.89;0.56;0.0;12.73;0.0;136.26;0.07
2021;1;229;beauce_5_sa_018;orgeh;orgeH_tousSols_nonirr_organique;1373.76;1.65;8.9;24.02;0.0;16.97;0.0;1423.65;0.07
2021;230;270;beauce_5_sa_018;solnu;;478.73;1.64;19.24;0.81;0.0;3.15;0.0;501.93;0.07
2021;271;365;beauce_5_sa_018;orgeh;orgeH_tousSols_nonirr_organique;186.1;1.64;0.0;1.6;0.0;16.07;0.0;203.77;0.07
2021;1;197;beauce_5_sa_019;orgeh;orgeH_tousSols_nonirr_organique;831.96;1.66;0.32;15.12;0.0;21.46;0.0;868.86;0.07
2021;198;288;beauce_5_sa_019;solnu;;984.8;1.65;10.83;9.54;0.0;3.49;0.0;1008.65;0.07
2021;289;365;beauce_5_sa_019;orgeh;orgeH_tousSols_nonirr_organique;161.52;1.64;4.24;0.53;0.0;10.48;0.0;176.77;0.07
2021;1;217;beauce_5_sa_020;orgeh;orgeH_tousSols_nonirr_organique;1194.47;1.65;0.42;20.76;0.0;16.92;0.0;1232.58;0.07
2021;218;300;beauce_5_sa_020;solnu;;732.65;1.65;10.17;2.6;0.0;3.37;0.0;748.78;0.07
2021;301;365;beauce_5_sa_020;orgeh;orgeH_tousSols_nonirr_organique;61.69;1.65;0.0;0.62;0.0;8.72;0.0;71.03;0.07
2021;1;223;beauce_5_sa_021;orgeh;orgeH_tousSols_nonirr_organique;1333.56;1.65;6.91;23.29;0.0;16.71;0.0;1380.47;0.07
2021;224;274;beauce_5_sa_021;solnu;;571.07;1.65;15.66;1.71;0.0;3.05;0.0;591.49;0.07
2021;275;365;beauce_5_sa_021;orgeh;orgeH_tousSols_nonirr_organique;160.12;1.64;0.0;1.21;0.0;14.04;0.0;175.37;0.07
2021;1;197;beauce_5_sa_022;orgeh;orgeH_tousSols_nonirr_organique;1072.89;1.65;16.79;19.22;0.0;13.29;0.0;1122.2;0.07
2021;198;257;beauce_5_sa_022;solnu;;797.25;1.65;19.31;5.18;0.0;3.75;0.0;825.49;0.07
2021;258;365;beauce_5_sa_022;orgeh;orgeH_tousSols_nonirr_organique;275.97;1.64;0.32;2.74;0.0;14.42;0.0;293.45;0.07
2021;1;173;beauce_5_sa_023;orgeh;orgeH_tousSols_nonirr_organique;576.65;1.66;0.0;11.21;0.0;18.83;0.0;606.68;0.07
2021;174;284;beauce_5_sa_023;solnu;;1216.3;1.65;15.0;13.4;0.0;5.04;0.0;1249.73;0.07
2021;285;365;beauce_5_sa_023;orgeh;orgeH_tousSols_nonirr_organique;198.82;1.64;3.81;1.7;0.0;13.11;0.0;217.44;0.07
2021;1;189;beauce_5_sa_024;orgeh;orgeH_tousSols_nonirr_organique;746.71;1.66;0.0;13.7;0.0;22.94;0.0;783.35;0.07
2021;190;291;beauce_5_sa_024;solnu;;1084.09;1.65;9.54;11.2;0.0;3.72;0.0;1108.55;0.07
2021;292;365;beauce_5_sa_024;orgeh;orgeH_tousSols_nonirr_organique;155.03;1.64;6.91;1.17;0.0;11.01;0.0;174.1;0.07
2021;1;179;beauce_5_sa_025;orgeh;orgeH_tousSols_nonirr_organique;830.1;1.66;1.27;14.43;0.0;14.85;0.0;860.64;0.07
2021;180;276;beauce_5_sa_025;solnu;;1076.38;1.65;10.03;5.42;0.0;3.01;0.0;1094.84;0.07
2021;277;365;beauce_5_sa_025;orgeh;orgeH_tousSols_nonirr_organique;147.35;1.65;0.0;3.13;0.0;9.42;0.0;159.9;0.07
2021;1;212;beauce_5_sa_026;orgeh;orgeH_tousSols_nonirr_organique;1074.14;1.65;3.72;19.37;0.0;19.01;0.0;1116.24;0.07
2021;213;275;beauce_5_sa_026;solnu;;735.01;1.65;16.11;5.27;0.0;3.42;0.0;759.81;0.07
2021;276;365;beauce_5_sa_026;orgeh;orgeH_tousSols_nonirr_organique;207.68;1.64;0.0;0.54;0.0;12.76;0.0;220.98;0.07
2021;1;207;beauce_5_sa_027;orgeh;orgeH_tousSols_nonirr_organique;1009.47;1.65;4.02;18.94;0.0;18.24;0.0;1050.67;0.07
2021;208;273;beauce_5_sa_027;solnu;;794.84;1.65;15.65;6.13;0.0;3.32;0.0;819.93;0.07
2021;274;365;beauce_5_sa_027;orgeh;orgeH_tousSols_nonirr_organique;218.06;1.64;0.0;0.74;0.0;12.39;0.0;231.19;0.07
2021;1;207;beauce_5_sa_028;orgeh;orgeH_tousSols_nonirr_organique;1051.2;1.65;2.36;20.01;0.0;16.11;0.0;1089.69;0.07
2021;208;279;beauce_5_sa_028;solnu;;839.71;1.65;13.92;5.64;0.0;2.86;0.0;862.12;0.07
2021;280;365;beauce_5_sa_028;orgeh;orgeH_tousSols_nonirr_organique;138.0;1.64;0.0;2.08;0.0;10.9;0.0;150.99;0.07
2021;1;211;beauce_5_sa_029;orgeh;orgeH_tousSols_nonirr_organique;1029.16;1.65;2.43;18.54;0.0;19.06;0.0;1069.2;0.07
2021;212;279;beauce_5_sa_029;solnu;;777.81;1.65;14.67;5.91;0.0;3.35;0.0;801.74;0.07
2021;280;365;beauce_5_sa_029;orgeh;orgeH_tousSols_nonirr_organique;193.19;1.64;0.0;0.44;0.0;11.81;0.0;205.43;0.07
2021;1;177;beauce_5_sa_030;orgeh;orgeH_tousSols_nonirr_organique;633.74;1.66;0.0;12.14;0.0;24.42;0.0;670.31;0.07
2021;178;313;beauce_5_sa_030;solnu;;1358.15;1.64;26.66;14.16;0.0;7.0;0.0;1405.97;0.07
2021;314;365;beauce_5_sa_030;orgeh;orgeH_tousSols_nonirr_organique;81.25;1.64;13.39;0.64;0.0;16.69;0.0;111.96;0.07
2021;1;214;beauce_5_sa_031;orgeh;orgeH_tousSols_nonirr_organique;1089.29;1.65;0.73;19.19;0.0;21.16;0.0;1130.37;0.07
2021;215;294;beauce_5_sa_031;solnu;;817.06;1.64;13.26;5.8;0.0;3.94;0.0;840.05;0.07
2021;295;365;beauce_5_sa_031;orgeh;orgeH_tousSols_nonirr_organique;90.55;1.64;0.24;1.41;0.0;10.78;0.0;102.99;0.07
2021;1;224;beauce_5_sa_032;orgeh;orgeH_tousSols_nonirr_organique;1188.17;1.65;2.96;20.04;0.0;22.3;0.0;1233.48;0.07
2021;225;307;beauce_5_sa_032;solnu;;736.19;1.64;12.79;4.46;0.0;4.07;0.0;757.51;0.07
2021;308;365;beauce_5_sa_032;orgeh;orgeH_tousSols_nonirr_organique;68.03;1.64;0.0;0.24;0.0;11.35;0.0;79.61;0.07
2021;1;218;beauce_5_sa_033;orgeh;orgeH_tousSols_nonirr_organique;1273.05;1.65;0.84;21.56;0.0;16.7;0.0;1312.16;0.07
2021;219;289;beauce_5_sa_033;solnu;;656.02;1.65;12.95;1.37;0.0;2.9;0.0;673.24;0.07
2021;290;365;beauce_5_sa_033;orgeh;orgeH_tousSols_nonirr_organique;83.32;1.65;0.0;1.6;0.0;10.6;0.0;95.52;0.07
2021;1;172;beauce_5_sa_034;orgeh;orgeH_tousSols_nonirr_organique;593.94;1.66;0.0;11.79;0.0;22.25;0.0;627.98;0.07
2021;173;292;beauce_5_sa_034;solnu;;1295.1;1.64;16.43;14.44;0.0;6.27;0.0;1332.25;0.07
2021;293;365;beauce_5_sa_034;orgeh;orgeH_tousSols_nonirr_organique;184.89;1.64;17.35;1.07;0.0;17.2;0.0;220.5;0.07
2021;1;178;beauce_5_sa_035;orgeh;orgeH_tousSols_nonirr_organique;743.27;1.66;4.56;15.63;0.0;10.82;0.0;774.28;0.07
2021;179;258;beauce_5_sa_035;solnu;;1012.58;1.65;19.79;9.48;0.0;3.21;0.0;1045.07;0.07
2021;259;365;beauce_5_sa_035;orgeh;orgeH_tousSols_nonirr_organique;320.31;1.64;0.0;1.92;0.0;13.05;0.0;335.28;0.07
2021;1;212;beauce_5_sa_036;orgeh;orgeH_tousSols_nonirr_organique;1049.32;1.65;0.79;18.7;0.0;21.32;0.0;1090.13;0.07
2021;213;292;beauce_5_sa_036;solnu;;838.12;1.64;12.33;6.4;0.0;3.67;0.0;860.52;0.07
2021;293;365;beauce_5_sa_036;orgeh;orgeH_tousSols_nonirr_organique;110.85;1.64;2.0;1.28;0.0;11.0;0.0;125.13;0.07
2021;1;205;beauce_5_sa_037;orgeh;orgeH_tousSols_nonirr_organique;1212.92;1.66;9.47;19.06;0.0;13.64;0.0;1255.09;0.07
2021;206;268;beauce_5_sa_037;solnu;;695.68;1.65;11.08;1.27;0.0;2.97;0.0;711.01;0.07
2021;269;365;beauce_5_sa_037;orgeh;orgeH_tousSols_nonirr_organique;155.88;1.65;1.24;4.35;0.0;9.46;0.0;170.93;0.07
2021;1;227;beauce_5_sa_038;orgeh;orgeH_tousSols_nonirr_organique;1505.24;1.65;15.44;22.8;0.0;18.43;0.0;1561.9;0.07
2021;228;265;beauce_5_sa_038;solnu;;426.4;1.65;17.27;0.04;0.0;3.82;0.0;447.53;0.07
2021;266;365;beauce_5_sa_038;orgeh;orgeH_tousSols_nonirr_organique;197.81;1.64;0.0;2.59;0.0;16.8;0.0;217.21;0.07
2021;1;183;beauce_5_sa_039;orgeh;orgeH_tousSols_nonirr_organique;680.21;1.66;0.0;12.63;0.0;23.22;0.0;716.07;0.07
2021;184;315;beauce_5_sa_039;solnu;;1257.09;1.64;24.66;12.89;0.0;7.66;0.0;1302.29;0.07
2021;316;365;beauce_5_sa_039;orgeh;orgeH_tousSols_nonirr_organique;67.2;1.64;7.16;0.45;0.0;12.34;0.0;87.15;0.07
2021;1;201;beauce_5_sa_040;orgeh;orgeH_tousSols_nonirr_organique;892.17;1.66;0.26;16.45;0.0;20.15;0.0;929.03;0.07
2021;202;305;beauce_5_sa_040;solnu;;983.33;1.65;7.07;7.49;0.0;3.68;0.0;1001.56;0.07
2021;306;365;beauce_5_sa_040;orgeh;orgeH_tousSols_nonirr_organique;67.3;1.65;0.0;0.97;0.0;8.26;0.0;76.54;0.07
2021;1;222;beauce_5_sa_041;orgeh;orgeH_tousSols_nonirr_organique;1191.72;1.65;6.47;20.94;0.0;17.6;0.0;1236.72;0.07
2021;223;275;beauce_5_sa_041;solnu;;614.28;1.64;15.79;3.63;0.0;3.21;0.0;636.91;0.07
2021;276;365;beauce_5_sa_041;orgeh;orgeH_tousSols_nonirr_organique;207.69;1.64;0.0;0.61;0.0;14.19;0.0;222.49;0.07
2021;1;175;beauce_5_sa_042;orgeh;orgeH_tousSols_nonirr_organique;644.34;1.66;0.28;14.29;0.0;13.0;0.0;671.91;0.07
2021;176;266;beauce_5_sa_042;solnu;;1106.85;1.65;16.73;11.39;0.0;3.26;0.0;1138.22;0.07
2021;267;365;beauce_5_sa_042;orgeh;orgeH_tousSols_nonirr_organique;263.0;1.64;0.0;1.61;0.0;11.58;0.0;276.19;0.07
2021;1;195;beauce_5_sa_043;orgeh;orgeH_tousSols_nonirr_organique;806.42;1.66;0.0;14.81;0.0;21.65;0.0;842.89;0.07
2021;196;308;beauce_5_sa_043;solnu;;1069.27;1.65;8.52;9.66;0.0;4.21;0.0;1091.65;0.07
2021;309;365;beauce_5_sa_043;orgeh;orgeH_tousSols_nonirr_organique;63.33;1.64;0.0;1.38;0.0;7.85;0.0;72.56;0.07
2021;1;197;beauce_5_sa_044;orgeh;orgeH_tousSols_nonirr_organique;809.77;1.66;0.06;14.6;0.0;22.96;0.0;847.39;0.07
2021;198;301;beauce_5_sa_044;solnu;;1053.36;1.64;12.87;10.77;0.0;4.09;0.0;1081.09;0.07
2021;302;365;beauce_5_sa_044;orgeh;orgeH_tousSols_nonirr_organique;121.04;1.64;10.02;0.39;0.0;11.58;0.0;143.03;0.07
2021;1;212;beauce_5_sa_045;orgeh;orgeH_tousSols_nonirr_organique;1027.47;1.65;0.63;17.95;0.0;23.1;0.0;1069.15;0.07
2021;213;296;beauce_5_sa_045;solnu;;859.24;1.64;15.93;7.36;0.0;4.27;0.0;886.81;0.07
2021;297;365;beauce_5_sa_045;orgeh;orgeH_tousSols_nonirr_organique;126.6;1.64;5.01;0.65;0.0;11.87;0.0;144.14;0.07
2021;1;220;beauce_5_sa_046;orgeh;orgeH_tousSols_nonirr_organique;1221.94;1.65;6.98;22.08;0.0;17.95;0.0;1268.94;0.07
2021;221;273;beauce_5_sa_046;solnu;;631.8;1.64;15.13;3.59;0.0;3.32;0.0;653.84;0.07
2021;274;365;beauce_5_sa_046;orgeh;orgeH_tousSols_nonirr_organique;184.6;1.64;0.0;1.33;0.0;14.14;0.0;200.06;0.07
2021;1;200;beauce_5_sa_047;orgeh;orgeH_tousSols_nonirr_organique;922.6;1.65;4.27;17.65;0.0;18.15;0.0;962.67;0.07
2021;201;271;beauce_5_sa_047;solnu;;860.23;1.65;15.78;7.34;0.0;3.36;0.0;886.71;0.07
2021;272;365;beauce_5_sa_047;orgeh;orgeH_tousSols_nonirr_organique;225.59;1.64;0.0;1.16;0.0;12.33;0.0;239.08;0.07
2021;1;175;beauce_5_sa_048;orgeh;orgeH_tousSols_nonirr_organique;663.25;1.66;0.36;14.55;0.0;12.98;0.0;691.14;0.07
2021;176;265;beauce_5_sa_048;solnu;;1100.75;1.65;17.95;11.2;0.0;3.33;0.0;1133.22;0.07
2021;266;365;beauce_5_sa_048;orgeh;orgeH_tousSols_nonirr_organique;273.11;1.64;0.0;1.69;0.0;11.84;0.0;286.64;0.07
2021;1;171;beauce_5_sa_049;orgeh;orgeH_tousSols_nonirr_organique;609.76;1.66;0.0;12.39;0.0;25.3;0.0;647.45;0.07
2021;172;313;beauce_5_sa_049;solnu;;1462.26;1.64;32.05;16.22;0.0;8.88;0.0;1519.42;0.07
2021;314;365;beauce_5_sa_049;orgeh;orgeH_tousSols_nonirr_organique;120.57;1.64;20.7;0.16;0.0;21.86;0.0;163.3;0.07
2021;1;224;beauce_5_sa_050;orgeh;orgeH_tousSols_nonirr_organique;1136.2;1.65;2.6;18.91;0.0;23.6;0.0;1181.31;0.07
2021;225;314;beauce_5_sa_050;solnu;;790.3;1.64;27.36;6.57;0.0;6.45;0.0;830.68;0.07
2021;315;365;beauce_5_sa_050;orgeh;orgeH_tousSols_nonirr_organique;90.39;1.64;5.4;0.17;0.0;13.69;0.0;109.66;0.07
2021;1;186;beauce_5_sa_051;orgeh;orgeH_tousSols_nonirr_organique;732.29;1.66;0.0;14.22;0.0;21.35;0.0;767.85;0.07
2021;187;293;beauce_5_sa_051;solnu;;1134.08;1.65;10.88;11.02;0.0;3.73;0.0;1159.71;0.07
2021;294;365;beauce_5_sa_051;orgeh;orgeH_tousSols_nonirr_organique;114.66;1.64;1.38;1.77;0.0;10.3;0.0;128.11;0.07
2021;1;219;beauce_5_sa_052;orgeh;orgeH_tousSols_nonirr_organique;1095.99;1.65;2.78;18.58;0.0;23.29;0.0;1140.64;0.07
2021;220;301;beauce_5_sa_052;solnu;;789.92;1.64;15.06;6.46;0.0;4.13;0.0;815.57;0.07
2021;302;365;beauce_5_sa_052;orgeh;orgeH_tousSols_nonirr_organique;110.06;1.64;7.58;0.39;0.0;12.83;0.0;130.87;0.07
2021;1;201;beauce_5_sa_053;orgeh;orgeH_tousSols_nonirr_organique;975.39;1.66;0.87;18.85;0.0;15.42;0.0;1010.53;0.07
2021;202;286;beauce_5_sa_053;solnu;;924.9;1.65;11.21;6.25;0.0;2.61;0.0;944.98;0.07
2021;287;365;beauce_5_sa_053;orgeh;orgeH_tousSols_nonirr_organique;113.61;1.64;0.0;1.08;0.0;9.27;0.0;123.97;0.07
2021;1;174;beauce_5_sa_054;orgeh;orgeH_tousSols_nonirr_organique;642.47;1.66;0.06;14.27;0.0;12.9;0.0;669.71;0.07
2021;175;266;beauce_5_sa_054;solnu;;1120.37;1.65;16.44;11.51;0.0;3.18;0.0;1151.5;0.07
2021;267;365;beauce_5_sa_054;orgeh;orgeH_tousSols_nonirr_organique;265.42;1.64;0.0;1.33;0.0;11.4;0.0;278.16;0.07
2021;1;219;beauce_5_sa_055;orgeh;orgeH_tousSols_nonirr_organique;1142.98;1.65;2.79;19.75;0.0;20.58;0.0;1186.1;0.07
2021;220;303;beauce_5_sa_055;solnu;;767.95;1.64;9.44;4.57;0.0;3.66;0.0;785.62;0.07
2021;304;365;beauce_5_sa_055;orgeh;orgeH_tousSols_nonirr_organique;70.86;1.64;0.0;0.28;0.0;9.98;0.0;81.12;0.07
2021;1;230;beauce_5_sa_056;orgeh;orgeH_tousSols_nonirr_organique;1508.95;1.65;23.77;24.37;0.0;19.97;0.0;1577.05;0.07
2021;231;256;beauce_5_sa_056;solnu;;352.29;1.64;19.94;0.25;0.0;5.06;0.0;377.54;0.07
2021;257;365;beauce_5_sa_056;orgeh;orgeH_tousSols_nonirr_organique;296.4;1.64;0.0;1.95;0.0;20.85;0.0;319.21;0.07
2021;1;191;beauce_5_sa_057;orgeh;orgeH_tousSols_nonirr_organique;910.61;1.66;9.78;18.24;0.0;12.96;0.0;951.59;0.07
2021;192;259;beauce_5_sa_057;solnu;;873.92;1.65;18.24;7.31;0.0;3.24;0.0;902.71;0.07
2021;260;365;beauce_5_sa_057;orgeh;orgeH_tousSols_nonirr_organique;298.56;1.64;0.0;1.75;0.0;13.77;0.0;314.07;0.07
2021;1;223;beauce_5_sa_058;orgeh;orgeH_tousSols_nonirr_organique;1137.43;1.65;2.77;19.08;0.0;23.27;0.0;1182.55;0.07
2021;224;306;beauce_5_sa_058;solnu;;757.13;1.64;15.58;6.02;0.0;4.22;0.0;782.96;0.07
2021;307;365;beauce_5_sa_058;orgeh;orgeH_tousSols_nonirr_organique;108.04;1.64;10.96;0.41;0.0;14.0;0.0;133.4;0.07
2021;1;218;beauce_5_sa_059;orgeh;orgeH_tousSols_nonirr_organique;1290.46;1.65;3.93;22.45;0.0;15.69;0.0;1332.53;0.07
2021;219;275;beauce_5_sa_059;solnu;;623.0;1.65;17.01;1.89;0.0;2.93;0.0;644.83;0.07
2021;276;365;beauce_5_sa_059;orgeh;orgeH_tousSols_nonirr_organique;153.89;1.64;0.0;1.37;0.0;12.87;0.0;168.14;0.07
2021;1;219;beauce_5_sa_060;orgeh;orgeH_tousSols_nonirr_organique;1491.2;1.65;23.49;21.77;0.0;14.42;0.0;1550.89;0.07
2021;220;261;beauce_5_sa_060;solnu;;428.77;1.65;3.04;0.06;0.0;3.25;0.0;435.13;0.07
2021;262;365;beauce_5_sa_060;orgeh;orgeH_tousSols_nonirr_organique;194.95;1.64;2.31;4.61;0.0;6.91;0.0;208.78;0.07
2021;1;221;beauce_5_sa_061;orgeh;orgeH_tousSols_nonirr_organique;1191.85;1.65;6.74;20.99;0.0;19.92;0.0;1239.5;0.07
2021;222;272;beauce_5_sa_061;solnu;;608.63;1.64;15.53;3.56;0.0;3.59;0.0;631.3;0.07
2021;273;365;beauce_5_sa_061;orgeh;orgeH_tousSols_nonirr_organique;217.79;1.64;0.0;0.49;0.0;14.59;0.0;232.88;0.07
2021;1;179;beauce_5_sa_062;orgeh;orgeH_tousSols_nonirr_organique;632.83;1.66;0.0;12.16;0.0;19.92;0.0;664.91;0.07
2021;180;286;beauce_5_sa_062;solnu;;1160.96;1.65;12.34;12.36;0.0;4.15;0.0;1189.81;0.07
2021;287;365;beauce_5_sa_062;orgeh;orgeH_tousSols_nonirr_organique;179.99;1.64;4.03;1.33;0.0;11.51;0.0;196.86;0.07
2021;1;208;beauce_5_sa_063;orgeh;orgeH_tousSols_nonirr_organique;1047.52;1.66;0.69;19.3;0.0;17.04;0.0;1084.55;0.07
2021;209;294;beauce_5_sa_063;solnu;;870.37;1.65;9.59;5.28;0.0;3.27;0.0;888.51;0.07
2021;295;365;beauce_5_sa_063;orgeh;orgeH_tousSols_nonirr_organique;87.51;1.64;0.0;0.52;0.0;8.56;0.0;96.6;0.07
2021;1;193;beauce_5_sa_064;orgeh;orgeH_tousSols_nonirr_organique;776.83;1.66;0.0;14.01;0.0;23.11;0.0;813.95;0.07
2021;194;313;beauce_5_sa_064;solnu;;1132.65;1.64;16.8;11.14;0.0;4.63;0.0;1165.21;0.07
2021;314;365;beauce_5_sa_064;orgeh;orgeH_tousSols_nonirr_organique;62.65;1.64;3.23;0.36;0.0;10.42;0.0;76.66;0.07
2021;1;195;beauce_5_sa_065;orgeh;orgeH_tousSols_nonirr_organique;1027.77;1.66;3.1;17.35;0.0;15.88;0.0;1064.09;0.07
2021;196;277;beauce_5_sa_065;solnu;;903.1;1.65;12.02;3.93;0.0;2.81;0.0;921.86;0.07
2021;278;365;beauce_5_sa_065;orgeh;orgeH_tousSols_nonirr_organique;141.84;1.65;0.0;2.26;0.0;10.19;0.0;154.29;0.07
2021;1;187;beauce_5_sa_066;orgeh;orgeH_tousSols_nonirr_organique;947.46;1.66;3.36;15.96;0.0;15.98;0.0;982.75;0.07
2021;188;275;beauce_5_sa_066;solnu;;970.56;1.65;12.24;4.71;0.0;2.86;0.0;990.37;0.07
2021;276;365;beauce_5_sa_066;orgeh;orgeH_tousSols_nonirr_organique;152.09;1.65;0.0;3.56;0.0;10.62;0.0;166.26;0.07
2021;1;207;beauce_5_sa_067;orgeh;orgeH_tousSols_nonirr_organique;1123.41;1.65;8.15;21.06;0.0;14.05;0.0;1166.66;0.07
2021;208;267;beauce_5_sa_067;solnu;;775.22;1.65;17.68;4.7;0.0;3.03;0.0;800.63;0.07
2021;268;365;beauce_5_sa_067;orgeh;orgeH_tousSols_nonirr_organique;191.59;1.64;0.29;3.06;0.0;13.27;0.0;208.21;0.07
2021;1;196;beauce_5_sa_068;orgeh;orgeH_tousSols_nonirr_organique;838.98;1.66;0.0;15.69;0.0;20.28;0.0;874.94;0.07
2021;197;308;beauce_5_sa_068;solnu;;1044.68;1.65;5.96;8.77;0.0;4.04;0.0;1063.46;0.07
2021;309;365;beauce_5_sa_068;orgeh;orgeH_tousSols_nonirr_organique;63.07;1.65;0.0;0.98;0.0;7.42;0.0;71.47;0.07
2021;1;176;beauce_5_sa_069;orgeh;orgeH_tousSols_nonirr_organique;876.54;1.66;7.8;13.86;0.0;9.27;0.0;907.47;0.07
2021;177;257;beauce_5_sa_069;solnu;;919.37;1.65;2.51;4.11;0.0;2.76;0.0;928.75;0.07
2021;258;365;beauce_5_sa_069;orgeh;orgeH_tousSols_nonirr_organique;254.89;1.65;4.26;6.93;0.0;3.48;0.0;269.56;0.07
2021;1;185;beauce_5_sa_070;orgeh;orgeH_tousSols_nonirr_organique;705.0;1.66;0.0;13.82;0.0;20.28;0.0;739.1;0.07
2021;186;303;beauce_5_sa_070;solnu;;1158.75;1.65;10.66;10.59;0.0;3.79;0.0;1183.79;0.07
2021;304;365;beauce_5_sa_070;orgeh;orgeH_tousSols_nonirr_organique;82.1;1.65;4.64;2.2;0.0;10.58;0.0;99.52;0.07
2021;1;205;beauce_5_sa_071;orgeh;orgeH_tousSols_nonirr_organique;1056.19;1.65;9.71;20.26;0.0;14.14;0.0;1100.3;0.07
2021;206;262;beauce_5_sa_071;solnu;;754.36;1.65;18.13;5.31;0.0;3.23;0.0;781.03;0.07
2021;263;365;beauce_5_sa_071;orgeh;orgeH_tousSols_nonirr_organique;263.67;1.64;0.0;1.33;0.0;13.92;0.0;278.92;0.07
2021;1;204;beauce_5_sa_072;orgeh;orgeH_tousSols_nonirr_organique;1069.54;1.65;3.84;20.24;0.0;14.67;0.0;1108.29;0.07
2021;205;274;beauce_5_sa_072;solnu;;846.81;1.65;14.93;5.48;0.0;2.75;0.0;869.98;0.07
2021;275;365;beauce_5_sa_072;orgeh;orgeH_tousSols_nonirr_organique;160.63;1.64;0.0;1.86;0.0;11.28;0.0;173.77;0.07
2021;1;203;beauce_5_sa_073;orgeh;orgeH_tousSols_nonirr_organique;862.87;1.66;0.14;15.35;0.0;23.0;0.0;901.36;0.07
2021;204;310;beauce_5_sa_073;solnu;;1037.67;1.64;18.57;10.41;0.0;4.61;0.0;1071.26;0.07
2021;311;365;beauce_5_sa_073;orgeh;orgeH_tousSols_nonirr_organique;102.68;1.64;11.27;0.17;0.0;12.66;0.0;126.78;0.07
2021;1;193;beauce_5_sa_074;orgeh;orgeH_tousSols_nonirr_organique;984.59;1.66;4.91;17.94;0.0;14.42;0.0;1021.86;0.07
2021;194;270;beauce_5_sa_074;solnu;;891.32;1.65;14.58;5.11;0.0;2.76;0.0;913.77;0.07
2021;271;365;beauce_5_sa_074;orgeh;orgeH_tousSols_nonirr_organique;187.19;1.65;0.0;2.9;0.0;11.44;0.0;201.54;0.07
2021;1;203;beauce_5_sa_075;orgeh;orgeH_tousSols_nonirr_organique;1239.43;1.66;13.38;18.26;0.0;12.7;0.0;1283.77;0.07
2021;204;265;beauce_5_sa_075;solnu;;651.29;1.65;3.47;0.9;0.0;3.15;0.0;658.8;0.07
2021;266;365;beauce_5_sa_075;orgeh;orgeH_tousSols_nonirr_organique;170.38;1.65;2.49;5.84;0.0;4.66;0.0;183.38;0.07
2021;1;203;beauce_5_sa_076;orgeh;orgeH_tousSols_nonirr_organique;896.14;1.66;0.21;16.46;0.0;20.32;0.0;933.13;0.07
2021;204;304;beauce_5_sa_076;solnu;;986.84;1.65;8.3;7.97;0.0;3.67;0.0;1006.78;0.07
2021;305;365;beauce_5_sa_076;orgeh;orgeH_tousSols_nonirr_organique;65.49;1.64;0.0;1.43;0.0;8.42;0.0;75.34;0.07
2021;1;175;beauce_5_sa_077;orgeh;orgeH_tousSols_nonirr_organique;610.65;1.66;0.0;12.61;0.0;16.21;0.0;639.47;0.07
2021;176;275;beauce_5_sa_077;solnu;;1145.49;1.65;13.6;12.02;0.0;4.03;0.0;1175.14;0.07
2021;276;365;beauce_5_sa_077;orgeh;orgeH_tousSols_nonirr_organique;230.51;1.64;0.0;0.78;0.0;10.98;0.0;242.27;0.07
2021;1;185;beauce_5_sa_078;orgeh;orgeH_tousSols_nonirr_organique;668.05;1.66;0.0;12.5;0.0;22.83;0.0;703.38;0.07
2021;186;300;beauce_5_sa_078;solnu;;1157.88;1.65;15.73;12.68;0.0;4.22;0.0;1190.51;0.07
2021;301;365;beauce_5_sa_078;orgeh;orgeH_tousSols_nonirr_organique;136.26;1.64;14.84;0.49;0.0;13.9;0.0;165.48;0.07
2021;1;172;beauce_5_sa_079;orgeh;orgeH_tousSols_nonirr_organique;706.08;1.66;0.97;14.09;0.0;12.38;0.0;733.52;0.07
2021;173;270;beauce_5_sa_079;solnu;;1135.56;1.65;14.29;8.58;0.0;3.07;0.0;1161.5;0.07
2021;271;365;beauce_5_sa_079;orgeh;orgeH_tousSols_nonirr_organique;205.95;1.65;0.39;3.71;0.0;11.0;0.0;221.05;0.07
2021;1;216;beauce_5_sa_080;orgeh;orgeH_tousSols_nonirr_organique;1120.61;1.65;1.12;19.84;0.0;20.17;0.0;1161.74;0.07
2021;217;287;beauce_5_sa_080;solnu;;754.38;1.64;14.18;5.48;0.0;3.43;0.0;777.46;0.07
2021;288;365;beauce_5_sa_080;orgeh;orgeH_tousSols_nonirr_organique;132.02;1.64;1.76;0.59;0.0;11.83;0.0;146.21;0.07
2021;1;203;beauce_5_sa_081;orgeh;orgeH_tousSols_nonirr_organique;1071.29;1.66;1.87;19.1;0.0;15.52;0.0;1107.8;0.07
2021;204;280;beauce_5_sa_081;solnu;;844.96;1.65;12.23;3.73;0.0;2.76;0.0;863.67;0.07
2021;281;365;beauce_5_sa_081;orgeh;orgeH_tousSols_nonirr_organique;127.92;1.65;0.0;2.07;0.0;10.01;0.0;140.01;0.07
2021;1;174;beauce_5_sa_082;orgeh;orgeH_tousSols_nonirr_organique;643.23;1.66;0.0;12.97;0.0;21.79;0.0;678.0;0.07
2021;175;317;beauce_5_sa_082;solnu;;1381.68;1.64;22.35;13.18;0.0;10.85;0.0;1428.06;0.07
2021;318;365;beauce_5_sa_082;orgeh;orgeH_tousSols_nonirr_organique;61.25;1.64;9.62;1.86;0.0;12.21;0.0;84.95;0.07
2021;1;200;beauce_5_sa_083;orgeh;orgeH_tousSols_nonirr_organique;1224.53;1.65;18.49;18.0;0.0;11.57;0.0;1272.59;0.07
2021;201;259;beauce_5_sa_083;solnu;;659.3;1.65;3.76;1.11;0.0;3.61;0.0;667.77;0.07
2021;260;365;beauce_5_sa_083;orgeh;orgeH_tousSols_nonirr_organique;207.44;1.65;3.3;6.24;0.0;5.06;0.0;222.05;0.07
2021;1;231;beauce_5_sa_084;orgeh;orgeH_tousSols_nonirr_organique;1334.61;1.65;3.05;22.51;0.0;18.23;0.0;1378.41;0.07
2021;232;299;beauce_5_sa_084;solnu;;603.66;1.65;13.9;1.74;0.0;3.51;0.0;622.82;0.07
2021;300;365;beauce_5_sa_084;orgeh;orgeH_tousSols_nonirr_organique;74.42;1.64;0.0;0.25;0.0;11.94;0.0;86.62;0.07
2021;1;224;beauce_5_sa_085;orgeh;orgeH_tousSols_nonirr_organique;1178.57;1.65;2.99;19.77;0.0;23.41;0.0;1224.73;0.07
2021;225;302;beauce_5_sa_085;solnu;;738.14;1.64;15.19;4.77;0.0;4.28;0.0;762.37;0.07
2021;303;365;beauce_5_sa_085;orgeh;orgeH_tousSols_nonirr_organique;75.24;1.64;0.0;0.35;0.0;12.15;0.0;87.74;0.07
2021;1;187;beauce_5_sa_086;orgeh;orgeH_tousSols_nonirr_organique;732.27;1.66;0.0;14.19;0.0;20.68;0.0;767.14;0.07
2021;188;316;beauce_5_sa_086;solnu;;1162.61;1.65;9.26;10.29;0.0;5.52;0.0;1187.68;0.07
2021;317;365;beauce_5_sa_086;orgeh;orgeH_tousSols_nonirr_organique;51.45;1.65;4.21;2.15;0.0;8.49;0.0;66.29;0.07
2021;1;196;beauce_5_sa_087;orgeh;orgeH_tousSols_nonirr_organique;871.46;1.66;3.38;16.77;0.0;18.17;0.0;909.78;0.07
2021;197;272;beauce_5_sa_087;solnu;;900.91;1.65;14.93;8.03;0.0;3.22;0.0;927.09;0.07
2021;273;365;beauce_5_sa_087;orgeh;orgeH_tousSols_nonirr_organique;227.43;1.64;0.0;0.8;0.0;11.72;0.0;239.96;0.07
2021;1;175;beauce_5_sa_088;orgeh;orgeH_tousSols_nonirr_organique;604.55;1.66;0.0;11.58;0.0;23.96;0.0;640.1;0.07
2021;176;316;beauce_5_sa_088;solnu;;1399.2;1.64;36.98;16.02;0.0;10.11;0.0;1462.3;0.07
2021;317;365;beauce_5_sa_088;orgeh;orgeH_tousSols_nonirr_organique;108.71;1.64;16.08;0.11;0.0;18.98;0.0;143.88;0.07
2021;1;216;beauce_5_sa_089;orgeh;orgeH_tousSols_nonirr_organique;1110.04;1.65;0.53;19.21;0.0;21.16;0.0;1150.94;0.07
2021;217;297;beauce_5_sa_089;solnu;;797.47;1.64;12.36;5.53;0.0;3.88;0.0;819.24;0.07
2021;298;365;beauce_5_sa_089;orgeh;orgeH_tousSols_nonirr_organique;78.16;1.64;0.0;0.58;0.0;10.13;0.0;88.87;0.07
2021;1;220;beauce_5_sa_090;orgeh;orgeH_tousSols_nonirr_organique;1368.63;1.65;11.28;22.19;0.0;17.08;0.0;1419.18;0.07
2021;221;268;beauce_5_sa_090;solnu;;539.79;1.65;15.05;0.64;0.0;3.52;0.0;559.0;0.07
2021;269;365;beauce_5_sa_090;orgeh;orgeH_tousSols_nonirr_organique;176.52;1.64;0.0;2.76;0.0;14.89;0.0;194.17;0.07
2021;1;214;beauce_5_sa_091;orgeh;orgeH_tousSols_nonirr_organique;1014.71;1.65;0.34;17.24;0.0;23.15;0.0;1055.45;0.07
2021;215;314;beauce_5_sa_091;solnu;;901.12;1.64;27.83;8.35;0.0;6.23;0.0;943.53;0.07
2021;315;365;beauce_5_sa_091;orgeh;orgeH_tousSols_nonirr_organique;92.76;1.64;6.65;0.23;0.0;13.07;0.0;112.7;0.07
2021;1;179;beauce_5_sa_092;orgeh;orgeH_tousSols_nonirr_organique;722.3;1.66;0.0;15.0;0.0;17.15;0.0;754.45;0.07
2021;180;304;beauce_5_sa_092;solnu;;1221.43;1.65;11.23;10.09;0.0;4.33;0.0;1247.08;0.07
2021;305;365;beauce_5_sa_092;orgeh;orgeH_tousSols_nonirr_organique;78.64;1.65;2.77;2.85;0.0;10.62;0.0;94.88;0.07
2021;1;201;beauce_5_sa_093;orgeh;orgeH_tousSols_nonirr_organique;878.62;1.66;0.83;15.91;0.0;21.15;0.0;916.51;0.07
2021;202;286;beauce_5_sa_093;solnu;;934.03;1.65;11.71;8.71;0.0;3.5;0.0;957.96;0.07
2021;287;365;beauce_5_sa_093;orgeh;orgeH_tousSols_nonirr_organique;169.34;1.64;3.64;0.44;0.0;10.86;0.0;184.28;0.07
2021;1;192;beauce_5_sa_094;orgeh;orgeH_tousSols_nonirr_organique;806.26;1.66;0.0;15.41;0.0;20.95;0.0;842.62;0.07
2021;193;291;beauce_5_sa_094;solnu;;1057.68;1.65;9.49;9.98;0.0;3.36;0.0;1080.51;0.07
2021;292;365;beauce_5_sa_094;orgeh;orgeH_tousSols_nonirr_organique;119.35;1.64;2.3;1.77;0.0;9.89;0.0;133.32;0.07
2021;1;206;beauce_5_sa_095;orgeh;orgeH_tousSols_nonirr_organique;990.75;1.66;0.37;18.23;0.0;18.22;0.0;1027.58;0.07
2021;207;299;beauce_5_sa_095;solnu;;908.98;1.65;8.53;5.88;0.0;3.4;0.0;926.79;0.07
2021;300;365;beauce_5_sa_095;orgeh;orgeH_tousSols_nonirr_organique;75.45;1.65;0.0;0.62;0.0;8.4;0.0;84.47;0.07
2021;1;178;beauce_5_sa_096;orgeh;orgeH_tousSols_nonirr_organique;650.92;1.66;0.0;12.99;0.0;22.18;0.0;686.09;0.07
2021;179;306;beauce_5_sa_096;solnu;;1285.84;1.65;15.55;12.43;0.0;5.31;0.0;1319.13;0.07
2021;307;365;beauce_5_sa_096;orgeh;orgeH_tousSols_nonirr_organique;89.78;1.64;10.82;1.78;0.0;14.07;0.0;116.44;0.07
2021;1;208;beauce_5_sa_097;orgeh;orgeH_tousSols_nonirr_organique;1000.14;1.65;2.81;18.28;0.0;18.72;0.0;1039.96;0.07
2021;209;277;beauce_5_sa_097;solnu;;805.34;1.65;14.41;6.33;0.0;3.27;0.0;829.36;0.07
2021;278;365;beauce_5_sa_097;orgeh;orgeH_tousSols_nonirr_organique;199.9;1.64;0.0;0.47;0.0;11.66;0.0;212.02;0.07
2021;1;207;beauce_5_sa_098;orgeh;orgeH_tousSols_nonirr_organique;1095.76;1.65;10.54;20.87;0.0;13.61;0.0;1140.79;0.07
2021;208;260;beauce_5_sa_098;solnu;;703.77;1.65;19.04;4.72;0.0;3.37;0.0;730.91;0.07
2021;261;365;beauce_5_sa_098;orgeh;orgeH_tousSols_nonirr_organique;279.81;1.64;0.0;1.42;0.0;14.55;0.0;295.78;0.07
2021;1;216;beauce_5_sa_099;orgeh;orgeH_tousSols_nonirr_organique;1208.53;1.65;9.21;21.88;0.0;15.86;0.0;1255.47;0.07
2021;217;264;beauce_5_sa_099;solnu;;602.25;1.64;19.43;3.5;0.0;3.3;0.0;628.48;0.07
2021;265;365;beauce_5_sa_099;orgeh;orgeH_tousSols_nonirr_organique;252.02;1.64;0.0;0.88;0.0;15.03;0.0;267.93;0.07
