annee;date;parcelle;exploitation;culture;ITK;OT;temps[h];profondeur[cm];RECOLTE_rendement[t/ha];RECOLTE_risqueEchaudage[%];RECOLTE_impactGel[%];IRRIGATION_dose[mm];IRRIGATION_reelle[mm];FERTI_produit;FERTI_nature;FERTI_annulee;FERTI_doseBruteOrg[kg/ha];FERTI_apportNminTheorique[kg/ha];FERTI_apportNminReel[kg/ha];FERTI_apportNorg_labile[kg/ha];FERTI_apportNorg_recalcitrant[kg/ha];BIOMASSE_export[t/ha];BIOMASSE_aer_restit[t/ha];BIOMASSE_rac_restit[t/ha];N_export[kg/ha];C_export[kg/ha];id_lot;nb_ugb;duree_pature[j];herbe_consommee[kg]
2019;290;beauce_5_sa_000;organique_beauce_5;orgeh;orgeH_tousSols_nonirr_organique;SEMIS;0.86;6.0;;;;;;;;;;;;;;;;;;;;;;
2019;248;beauce_5_sa_000;organique_beauce_5;orgeh;orgeH_tousSols_nonirr_organique;TRAVAIL_SOL;0.92;24.0;;;;;;;;;;;;;;;;;;;;;;
2019;281;beauce_5_sa_001;organique_beauce_5;orgeh;orgeH_tousSols_nonirr_organique;SEMIS;0.86;6.0;;;;;;;;;;;;;;;;;;;;;;
2019;293;beauce_5_sa_002;organique_beauce_5;orgeh;orgeH_tousSols_nonirr_organique;SEMIS;0.86;6.0;;;;;;;;;;;;;;;;;;;;;;
2019;260;beauce_5_sa_002;organique_beauce_5;orgeh;orgeH_tousSols_nonirr_organique;TRAVAIL_SOL;0.5;0.0;;;;;;;;;;;;;;;;;;;;;;
2019;284;beauce_5_sa_003;organique_beauce_5;orgeh;orgeH_tousSols_nonirr_organique;SEMIS;0.86;6.0;;;;;;;;;;;;;;;;;;;;;;
2019;244;beauce_5_sa_003;organique_beauce_5;orgeh;orgeH_tousSols_nonirr_organique;TRAVAIL_SOL;0.92;24.0;;;;;;;;;;;;;;;;;;;;;;
2019;263;beauce_5_sa_004;organique_beauce_5;orgeh;orgeH_tousSols_nonirr_organique;SEMIS;0.86;6.0;;;;;;;;;;;;;;;;;;;;;;
2019;351;beauce_5_sa_004;organique_beauce_5;orgeh;orgeH_tousSols_nonirr_organique;FERTI;0.0;;;;;;;;;;;;;;;;;;;;;;;
2019;305;beauce_5_sa_005;organique_beauce_5;orgeh;orgeH_tousSols_nonirr_organique;SEMIS;0.86;6.0;;;;;;;;;;;;;;;;;;;;;;
2019;344;beauce_5_sa_005;organique_beauce_5;orgeh;orgeH_tousSols_nonirr_organique;FERTI;0.0;;;;;;;;;;;;;;;;;;;;;;;
2019;278;beauce_5_sa_006;organique_beauce_5;orgeh;orgeH_tousSols_nonirr_organique;SEMIS;0.86;6.0;;;;;;;;;;;;;;;;;;;;;;
2019;286;beauce_5_sa_007;organique_beauce_5;orgeh;orgeH_tousSols_nonirr_organique;SEMIS;0.86;6.0;;;;;;;;;;;;;;;;;;;;;;
2019;318;beauce_5_sa_008;organique_beauce_5;orgeh;orgeH_tousSols_nonirr_organique;SEMIS;0.86;6.0;;;;;;;;;;;;;;;;;;;;;;
2019;303;beauce_5_sa_009;organique_beauce_5;orgeh;orgeH_tousSols_nonirr_organique;SEMIS;0.86;6.0;;;;;;;;;;;;;;;;;;;;;;
2019;264;beauce_5_sa_009;organique_beauce_5;orgeh;orgeH_tousSols_nonirr_organique;TRAVAIL_SOL;0.92;10.0;;;;;;;;;;;;;;;;;;;;;;
2019;300;beauce_5_sa_010;organique_beauce_5;orgeh;orgeH_tousSols_nonirr_organique;SEMIS;0.86;6.0;;;;;;;;;;;;;;;;;;;;;;
2019;295;beauce_5_sa_010;organique_beauce_5;orgeh;orgeH_tousSols_nonirr_organique;TRAVAIL_SOL;0.92;24.0;;;;;;;;;;;;;;;;;;;;;;
2019;311;beauce_5_sa_011;organique_beauce_5;orgeh;orgeH_tousSols_nonirr_organique;SEMIS;0.86;6.0;;;;;;;;;;;;;;;;;;;;;;
2019;306;beauce_5_sa_012;organique_beauce_5;orgeh;orgeH_tousSols_nonirr_organique;SEMIS;0.86;6.0;;;;;;;;;;;;;;;;;;;;;;
2019;274;beauce_5_sa_013;organique_beauce_5;orgeh;orgeH_tousSols_nonirr_organique;SEMIS;0.86;6.0;;;;;;;;;;;;;;;;;;;;;;
2019;235;beauce_5_sa_013;organique_beauce_5;orgeh;orgeH_tousSols_nonirr_organique;TRAVAIL_SOL;0.92;10.0;;;;;;;;;;;;;;;;;;;;;;
2019;275;beauce_5_sa_014;organique_beauce_5;orgeh;orgeH_tousSols_nonirr_organique;SEMIS;0.86;6.0;;;;;;;;;;;;;;;;;;;;;;
2019;232;beauce_5_sa_014;organique_beauce_5;orgeh;orgeH_tousSols_nonirr_organique;TRAVAIL_SOL;0.5;10.0;;;;;;;;;;;;;;;;;;;;;;
2019;273;beauce_5_sa_015;organique_beauce_5;orgeh;orgeH_tousSols_nonirr_organique;SEMIS;0.86;6.0;;;;;;;;;;;;;;;;;;;;;;
2019;257;beauce_5_sa_015;organique_beauce_5;orgeh;orgeH_tousSols_nonirr_organique;TRAVAIL_SOL;0.92;10.0;;;;;;;;;;;;;;;;;;;;;;
2019;261;beauce_5_sa_016;organique_beauce_5;orgeh;orgeH_tousSols_nonirr_organique;SEMIS;0.86;6.0;;;;;;;;;;;;;;;;;;;;;;
2019;244;beauce_5_sa_016;organique_beauce_5;orgeh;orgeH_tousSols_nonirr_organique;TRAVAIL_SOL;0.92;10.0;;;;;;;;;;;;;;;;;;;;;;
2019;285;beauce_5_sa_017;organique_beauce_5;orgeh;orgeH_tousSols_nonirr_organique;SEMIS;0.86;6.0;;;;;;;;;;;;;;;;;;;;;;
2019;364;beauce_5_sa_017;organique_beauce_5;orgeh;orgeH_tousSols_nonirr_organique;FERTI;0.0;;;;;;;;;;;;;;;;;;;;;;;
2019;265;beauce_5_sa_017;organique_beauce_5;orgeh;orgeH_tousSols_nonirr_organique;TRAVAIL_SOL;0.92;10.0;;;;;;;;;;;;;;;;;;;;;;
2019;310;beauce_5_sa_018;organique_beauce_5;orgeh;orgeH_tousSols_nonirr_organique;SEMIS;0.86;6.0;;;;;;;;;;;;;;;;;;;;;;
2019;269;beauce_5_sa_018;organique_beauce_5;orgeh;orgeH_tousSols_nonirr_organique;TRAVAIL_SOL;0.92;24.0;;;;;;;;;;;;;;;;;;;;;;
2019;306;beauce_5_sa_019;organique_beauce_5;orgeh;orgeH_tousSols_nonirr_organique;SEMIS;0.86;6.0;;;;;;;;;;;;;;;;;;;;;;
2019;341;beauce_5_sa_019;organique_beauce_5;orgeh;orgeH_tousSols_nonirr_organique;FERTI;0.0;;;;;;;;;;;;;;;;;;;;;;;
2019;308;beauce_5_sa_020;organique_beauce_5;orgeh;orgeH_tousSols_nonirr_organique;SEMIS;0.86;6.0;;;;;;;;;;;;;;;;;;;;;;
2019;270;beauce_5_sa_020;organique_beauce_5;orgeh;orgeH_tousSols_nonirr_organique;TRAVAIL_SOL;0.5;0.0;;;;;;;;;;;;;;;;;;;;;;
2019;258;beauce_5_sa_021;organique_beauce_5;orgeh;orgeH_tousSols_nonirr_organique;SEMIS;0.86;6.0;;;;;;;;;;;;;;;;;;;;;;
2019;253;beauce_5_sa_021;organique_beauce_5;orgeh;orgeH_tousSols_nonirr_organique;TRAVAIL_SOL;0.92;24.0;;;;;;;;;;;;;;;;;;;;;;
2019;308;beauce_5_sa_022;organique_beauce_5;orgeh;orgeH_tousSols_nonirr_organique;SEMIS;0.86;6.0;;;;;;;;;;;;;;;;;;;;;;
2019;322;beauce_5_sa_022;organique_beauce_5;orgeh;orgeH_tousSols_nonirr_organique;FERTI;0.0;;;;;;;;;;;;;;;;;;;;;;;
2019;316;beauce_5_sa_023;organique_beauce_5;orgeh;orgeH_tousSols_nonirr_organique;SEMIS;0.86;6.0;;;;;;;;;;;;;;;;;;;;;;
2019;270;beauce_5_sa_024;organique_beauce_5;orgeh;orgeH_tousSols_nonirr_organique;SEMIS;0.86;6.0;;;;;;;;;;;;;;;;;;;;;;
2019;228;beauce_5_sa_024;organique_beauce_5;orgeh;orgeH_tousSols_nonirr_organique;TRAVAIL_SOL;0.5;0.0;;;;;;;;;;;;;;;;;;;;;;
2019;297;beauce_5_sa_025;organique_beauce_5;orgeh;orgeH_tousSols_nonirr_organique;SEMIS;0.86;6.0;;;;;;;;;;;;;;;;;;;;;;
2019;259;beauce_5_sa_025;organique_beauce_5;orgeh;orgeH_tousSols_nonirr_organique;TRAVAIL_SOL;0.5;0.0;;;;;;;;;;;;;;;;;;;;;;
2019;301;beauce_5_sa_026;organique_beauce_5;orgeh;orgeH_tousSols_nonirr_organique;SEMIS;0.86;6.0;;;;;;;;;;;;;;;;;;;;;;
2019;336;beauce_5_sa_026;organique_beauce_5;orgeh;orgeH_tousSols_nonirr_organique;FERTI;0.0;;;;;;;;;;;;;;;;;;;;;;;
2019;273;beauce_5_sa_027;organique_beauce_5;orgeh;orgeH_tousSols_nonirr_organique;SEMIS;0.86;6.0;;;;;;;;;;;;;;;;;;;;;;
2019;363;beauce_5_sa_027;organique_beauce_5;orgeh;orgeH_tousSols_nonirr_organique;FERTI;0.0;;;;;;;;;;;;;;;;;;;;;;;
2019;274;beauce_5_sa_028;organique_beauce_5;orgeh;orgeH_tousSols_nonirr_organique;SEMIS;0.86;6.0;;;;;;;;;;;;;;;;;;;;;;
2019;232;beauce_5_sa_028;organique_beauce_5;orgeh;orgeH_tousSols_nonirr_organique;TRAVAIL_SOL;0.92;10.0;;;;;;;;;;;;;;;;;;;;;;
2019;278;beauce_5_sa_029;organique_beauce_5;orgeh;orgeH_tousSols_nonirr_organique;SEMIS;0.86;6.0;;;;;;;;;;;;;;;;;;;;;;
2019;301;beauce_5_sa_030;organique_beauce_5;orgeh;orgeH_tousSols_nonirr_organique;SEMIS;0.86;6.0;;;;;;;;;;;;;;;;;;;;;;
2019;258;beauce_5_sa_030;organique_beauce_5;orgeh;orgeH_tousSols_nonirr_organique;TRAVAIL_SOL;0.5;0.0;;;;;;;;;;;;;;;;;;;;;;
2019;316;beauce_5_sa_031;organique_beauce_5;orgeh;orgeH_tousSols_nonirr_organique;SEMIS;0.86;6.0;;;;;;;;;;;;;;;;;;;;;;
2019;302;beauce_5_sa_032;organique_beauce_5;orgeh;orgeH_tousSols_nonirr_organique;SEMIS;0.86;6.0;;;;;;;;;;;;;;;;;;;;;;
2019;351;beauce_5_sa_032;organique_beauce_5;orgeh;orgeH_tousSols_nonirr_organique;FERTI;0.0;;;;;;;;;;;;;;;;;;;;;;;
2019;268;beauce_5_sa_032;organique_beauce_5;orgeh;orgeH_tousSols_nonirr_organique;TRAVAIL_SOL;0.92;10.0;;;;;;;;;;;;;;;;;;;;;;
2019;288;beauce_5_sa_033;organique_beauce_5;orgeh;orgeH_tousSols_nonirr_organique;SEMIS;0.86;6.0;;;;;;;;;;;;;;;;;;;;;;
2019;275;beauce_5_sa_034;organique_beauce_5;orgeh;orgeH_tousSols_nonirr_organique;SEMIS;0.86;6.0;;;;;;;;;;;;;;;;;;;;;;
2019;254;beauce_5_sa_034;organique_beauce_5;orgeh;orgeH_tousSols_nonirr_organique;TRAVAIL_SOL;0.5;0.0;;;;;;;;;;;;;;;;;;;;;;
2019;317;beauce_5_sa_035;organique_beauce_5;orgeh;orgeH_tousSols_nonirr_organique;SEMIS;0.86;6.0;;;;;;;;;;;;;;;;;;;;;;
2019;277;beauce_5_sa_035;organique_beauce_5;orgeh;orgeH_tousSols_nonirr_organique;TRAVAIL_SOL;0.92;10.0;;;;;;;;;;;;;;;;;;;;;;
2019;270;beauce_5_sa_036;organique_beauce_5;orgeh;orgeH_tousSols_nonirr_organique;SEMIS;0.86;6.0;;;;;;;;;;;;;;;;;;;;;;
2019;229;beauce_5_sa_036;organique_beauce_5;orgeh;orgeH_tousSols_nonirr_organique;TRAVAIL_SOL;0.5;0.0;;;;;;;;;;;;;;;;;;;;;;
2019;296;beauce_5_sa_037;organique_beauce_5;orgeh;orgeH_tousSols_nonirr_organique;SEMIS;0.86;6.0;;;;;;;;;;;;;;;;;;;;;;
2019;260;beauce_5_sa_037;organique_beauce_5;orgeh;orgeH_tousSols_nonirr_organique;TRAVAIL_SOL;0.92;10.0;;;;;;;;;;;;;;;;;;;;;;
2019;290;beauce_5_sa_038;organique_beauce_5;orgeh;orgeH_tousSols_nonirr_organique;SEMIS;0.86;6.0;;;;;;;;;;;;;;;;;;;;;;
2019;311;beauce_5_sa_039;organique_beauce_5;orgeh;orgeH_tousSols_nonirr_organique;SEMIS;0.86;6.0;;;;;;;;;;;;;;;;;;;;;;
2019;305;beauce_5_sa_040;organique_beauce_5;orgeh;orgeH_tousSols_nonirr_organique;SEMIS;0.86;6.0;;;;;;;;;;;;;;;;;;;;;;
2019;277;beauce_5_sa_040;organique_beauce_5;orgeh;orgeH_tousSols_nonirr_organique;TRAVAIL_SOL;0.92;10.0;;;;;;;;;;;;;;;;;;;;;;
2019;274;beauce_5_sa_041;organique_beauce_5;orgeh;orgeH_tousSols_nonirr_organique;SEMIS;0.86;6.0;;;;;;;;;;;;;;;;;;;;;;
2019;257;beauce_5_sa_041;organique_beauce_5;orgeh;orgeH_tousSols_nonirr_organique;TRAVAIL_SOL;0.92;10.0;;;;;;;;;;;;;;;;;;;;;;
2019;308;beauce_5_sa_042;organique_beauce_5;orgeh;orgeH_tousSols_nonirr_organique;SEMIS;0.86;6.0;;;;;;;;;;;;;;;;;;;;;;
2019;266;beauce_5_sa_043;organique_beauce_5;orgeh;orgeH_tousSols_nonirr_organique;SEMIS;0.86;6.0;;;;;;;;;;;;;;;;;;;;;;
2019;355;beauce_5_sa_043;organique_beauce_5;orgeh;orgeH_tousSols_nonirr_organique;FERTI;0.0;;;;;;;;;;;;;;;;;;;;;;;
2019;242;beauce_5_sa_043;organique_beauce_5;orgeh;orgeH_tousSols_nonirr_organique;TRAVAIL_SOL;0.92;10.0;;;;;;;;;;;;;;;;;;;;;;
2019;273;beauce_5_sa_044;organique_beauce_5;orgeh;orgeH_tousSols_nonirr_organique;SEMIS;0.86;6.0;;;;;;;;;;;;;;;;;;;;;;
2019;276;beauce_5_sa_045;organique_beauce_5;orgeh;orgeH_tousSols_nonirr_organique;SEMIS;0.86;6.0;;;;;;;;;;;;;;;;;;;;;;
2019;337;beauce_5_sa_045;organique_beauce_5;orgeh;orgeH_tousSols_nonirr_organique;FERTI;0.0;;;;;;;;;;;;;;;;;;;;;;;
2019;266;beauce_5_sa_045;organique_beauce_5;orgeh;orgeH_tousSols_nonirr_organique;TRAVAIL_SOL;0.92;24.0;;;;;;;;;;;;;;;;;;;;;;
2019;260;beauce_5_sa_046;organique_beauce_5;orgeh;orgeH_tousSols_nonirr_organique;SEMIS;0.86;6.0;;;;;;;;;;;;;;;;;;;;;;
2019;333;beauce_5_sa_046;organique_beauce_5;orgeh;orgeH_tousSols_nonirr_organique;FERTI;0.0;;;;;;;;;;;;;;;;;;;;;;;
2019;279;beauce_5_sa_047;organique_beauce_5;orgeh;orgeH_tousSols_nonirr_organique;SEMIS;0.86;6.0;;;;;;;;;;;;;;;;;;;;;;
2019;249;beauce_5_sa_047;organique_beauce_5;orgeh;orgeH_tousSols_nonirr_organique;TRAVAIL_SOL;0.5;5.0;;;;;;;;;;;;;;;;;;;;;;
2019;310;beauce_5_sa_048;organique_beauce_5;orgeh;orgeH_tousSols_nonirr_organique;SEMIS;0.86;6.0;;;;;;;;;;;;;;;;;;;;;;
2019;313;beauce_5_sa_049;organique_beauce_5;orgeh;orgeH_tousSols_nonirr_organique;SEMIS;0.86;6.0;;;;;;;;;;;;;;;;;;;;;;
2019;302;beauce_5_sa_049;organique_beauce_5;orgeh;orgeH_tousSols_nonirr_organique;TRAVAIL_SOL;0.5;0.0;;;;;;;;;;;;;;;;;;;;;;
2019;271;beauce_5_sa_050;organique_beauce_5;orgeh;orgeH_tousSols_nonirr_organique;SEMIS;0.86;6.0;;;;;;;;;;;;;;;;;;;;;;
2019;254;beauce_5_sa_050;organique_beauce_5;orgeh;orgeH_tousSols_nonirr_organique;TRAVAIL_SOL;0.5;0.0;;;;;;;;;;;;;;;;;;;;;;
2019;274;beauce_5_sa_051;organique_beauce_5;orgeh;orgeH_tousSols_nonirr_organique;SEMIS;0.86;6.0;;;;;;;;;;;;;;;;;;;;;;
2019;231;beauce_5_sa_051;organique_beauce_5;orgeh;orgeH_tousSols_nonirr_organique;TRAVAIL_SOL;0.92;10.0;;;;;;;;;;;;;;;;;;;;;;
2019;261;beauce_5_sa_052;organique_beauce_5;orgeh;orgeH_tousSols_nonirr_organique;SEMIS;0.86;6.0;;;;;;;;;;;;;;;;;;;;;;
2019;244;beauce_5_sa_052;organique_beauce_5;orgeh;orgeH_tousSols_nonirr_organique;TRAVAIL_SOL;0.92;10.0;;;;;;;;;;;;;;;;;;;;;;
2019;257;beauce_5_sa_053;organique_beauce_5;orgeh;orgeH_tousSols_nonirr_organique;SEMIS;0.86;6.0;;;;;;;;;;;;;;;;;;;;;;
2019;245;beauce_5_sa_053;organique_beauce_5;orgeh;orgeH_tousSols_nonirr_organique;TRAVAIL_SOL;0.92;24.0;;;;;;;;;;;;;;;;;;;;;;
2019;263;beauce_5_sa_054;organique_beauce_5;orgeh;orgeH_tousSols_nonirr_organique;SEMIS;0.86;6.0;;;;;;;;;;;;;;;;;;;;;;
2019;261;beauce_5_sa_055;organique_beauce_5;orgeh;orgeH_tousSols_nonirr_organique;SEMIS;0.86;6.0;;;;;;;;;;;;;;;;;;;;;;
2019;278;beauce_5_sa_056;organique_beauce_5;orgeh;orgeH_tousSols_nonirr_organique;SEMIS;0.86;6.0;;;;;;;;;;;;;;;;;;;;;;
2019;322;beauce_5_sa_056;organique_beauce_5;orgeh;orgeH_tousSols_nonirr_organique;FERTI;0.0;;;;;;;;;;;;;;;;;;;;;;;
2019;298;beauce_5_sa_057;organique_beauce_5;orgeh;orgeH_tousSols_nonirr_organique;SEMIS;0.86;6.0;;;;;;;;;;;;;;;;;;;;;;
2019;285;beauce_5_sa_058;organique_beauce_5;orgeh;orgeH_tousSols_nonirr_organique;SEMIS;0.86;6.0;;;;;;;;;;;;;;;;;;;;;;
2019;244;beauce_5_sa_058;organique_beauce_5;orgeh;orgeH_tousSols_nonirr_organique;TRAVAIL_SOL;0.92;24.0;;;;;;;;;;;;;;;;;;;;;;
2019;281;beauce_5_sa_059;organique_beauce_5;orgeh;orgeH_tousSols_nonirr_organique;SEMIS;0.86;6.0;;;;;;;;;;;;;;;;;;;;;;
2019;246;beauce_5_sa_059;organique_beauce_5;orgeh;orgeH_tousSols_nonirr_organique;TRAVAIL_SOL;0.5;5.0;;;;;;;;;;;;;;;;;;;;;;
2019;296;beauce_5_sa_060;organique_beauce_5;orgeh;orgeH_tousSols_nonirr_organique;SEMIS;0.86;6.0;;;;;;;;;;;;;;;;;;;;;;
2019;356;beauce_5_sa_060;organique_beauce_5;orgeh;orgeH_tousSols_nonirr_organique;FERTI;0.0;;;;;;;;;;;;;;;;;;;;;;;
2019;315;beauce_5_sa_061;organique_beauce_5;orgeh;orgeH_tousSols_nonirr_organique;SEMIS;0.86;6.0;;;;;;;;;;;;;;;;;;;;;;
2019;278;beauce_5_sa_061;organique_beauce_5;orgeh;orgeH_tousSols_nonirr_organique;TRAVAIL_SOL;0.5;0.0;;;;;;;;;;;;;;;;;;;;;;
2019;310;beauce_5_sa_062;organique_beauce_5;orgeh;orgeH_tousSols_nonirr_organique;SEMIS;0.86;6.0;;;;;;;;;;;;;;;;;;;;;;
2019;314;beauce_5_sa_063;organique_beauce_5;orgeh;orgeH_tousSols_nonirr_organique;SEMIS;0.86;6.0;;;;;;;;;;;;;;;;;;;;;;
2019;333;beauce_5_sa_063;organique_beauce_5;orgeh;orgeH_tousSols_nonirr_organique;FERTI;0.0;;;;;;;;;;;;;;;;;;;;;;;
2019;267;beauce_5_sa_064;organique_beauce_5;orgeh;orgeH_tousSols_nonirr_organique;SEMIS;0.86;6.0;;;;;;;;;;;;;;;;;;;;;;
2019;318;beauce_5_sa_064;organique_beauce_5;orgeh;orgeH_tousSols_nonirr_organique;FERTI;0.0;;;;;;;;;;;;;;;;;;;;;;;
2019;238;beauce_5_sa_064;organique_beauce_5;orgeh;orgeH_tousSols_nonirr_organique;TRAVAIL_SOL;0.5;10.0;;;;;;;;;;;;;;;;;;;;;;
2019;300;beauce_5_sa_065;organique_beauce_5;orgeh;orgeH_tousSols_nonirr_organique;SEMIS;0.86;6.0;;;;;;;;;;;;;;;;;;;;;;
2019;280;beauce_5_sa_065;organique_beauce_5;orgeh;orgeH_tousSols_nonirr_organique;TRAVAIL_SOL;0.5;0.0;;;;;;;;;;;;;;;;;;;;;;
2019;273;beauce_5_sa_066;organique_beauce_5;orgeh;orgeH_tousSols_nonirr_organique;SEMIS;0.86;6.0;;;;;;;;;;;;;;;;;;;;;;
2019;238;beauce_5_sa_066;organique_beauce_5;orgeh;orgeH_tousSols_nonirr_organique;TRAVAIL_SOL;0.5;10.0;;;;;;;;;;;;;;;;;;;;;;
2019;312;beauce_5_sa_067;organique_beauce_5;orgeh;orgeH_tousSols_nonirr_organique;SEMIS;0.86;6.0;;;;;;;;;;;;;;;;;;;;;;
2019;349;beauce_5_sa_067;organique_beauce_5;orgeh;orgeH_tousSols_nonirr_organique;FERTI;0.0;;;;;;;;;;;;;;;;;;;;;;;
2019;312;beauce_5_sa_068;organique_beauce_5;orgeh;orgeH_tousSols_nonirr_organique;SEMIS;0.86;6.0;;;;;;;;;;;;;;;;;;;;;;
2019;326;beauce_5_sa_068;organique_beauce_5;orgeh;orgeH_tousSols_nonirr_organique;FERTI;0.0;;;;;;;;;;;;;;;;;;;;;;;
2019;269;beauce_5_sa_069;organique_beauce_5;orgeh;orgeH_tousSols_nonirr_organique;SEMIS;0.86;6.0;;;;;;;;;;;;;;;;;;;;;;
2019;229;beauce_5_sa_069;organique_beauce_5;orgeh;orgeH_tousSols_nonirr_organique;TRAVAIL_SOL;0.92;24.0;;;;;;;;;;;;;;;;;;;;;;
2019;264;beauce_5_sa_070;organique_beauce_5;orgeh;orgeH_tousSols_nonirr_organique;SEMIS;0.86;6.0;;;;;;;;;;;;;;;;;;;;;;
2019;272;beauce_5_sa_071;organique_beauce_5;orgeh;orgeH_tousSols_nonirr_organique;SEMIS;0.86;6.0;;;;;;;;;;;;;;;;;;;;;;
2019;303;beauce_5_sa_072;organique_beauce_5;orgeh;orgeH_tousSols_nonirr_organique;SEMIS;0.86;6.0;;;;;;;;;;;;;;;;;;;;;;
2019;306;beauce_5_sa_073;organique_beauce_5;orgeh;orgeH_tousSols_nonirr_organique;SEMIS;0.86;6.0;;;;;;;;;;;;;;;;;;;;;;
2019;278;beauce_5_sa_073;organique_beauce_5;orgeh;orgeH_tousSols_nonirr_organique;TRAVAIL_SOL;0.5;0.0;;;;;;;;;;;;;;;;;;;;;;
2019;282;beauce_5_sa_074;organique_beauce_5;orgeh;orgeH_tousSols_nonirr_organique;SEMIS;0.86;6.0;;;;;;;;;;;;;;;;;;;;;;
2019;268;beauce_5_sa_074;organique_beauce_5;orgeh;orgeH_tousSols_nonirr_organique;TRAVAIL_SOL;0.92;10.0;;;;;;;;;;;;;;;;;;;;;;
2019;317;beauce_5_sa_075;organique_beauce_5;orgeh;orgeH_tousSols_nonirr_organique;SEMIS;0.86;6.0;;;;;;;;;;;;;;;;;;;;;;
2019;266;beauce_5_sa_076;organique_beauce_5;orgeh;orgeH_tousSols_nonirr_organique;SEMIS;0.86;6.0;;;;;;;;;;;;;;;;;;;;;;
2019;269;beauce_5_sa_077;organique_beauce_5;orgeh;orgeH_tousSols_nonirr_organique;SEMIS;0.86;6.0;;;;;;;;;;;;;;;;;;;;;;
2019;301;beauce_5_sa_078;organique_beauce_5;orgeh;orgeH_tousSols_nonirr_organique;SEMIS;0.86;6.0;;;;;;;;;;;;;;;;;;;;;;
2019;321;beauce_5_sa_078;organique_beauce_5;orgeh;orgeH_tousSols_nonirr_organique;FERTI;0.0;;;;;;;;;;;;;;;;;;;;;;;
2019;280;beauce_5_sa_078;organique_beauce_5;orgeh;orgeH_tousSols_nonirr_organique;TRAVAIL_SOL;0.92;10.0;;;;;;;;;;;;;;;;;;;;;;
2019;272;beauce_5_sa_079;organique_beauce_5;orgeh;orgeH_tousSols_nonirr_organique;SEMIS;0.86;6.0;;;;;;;;;;;;;;;;;;;;;;
2019;246;beauce_5_sa_079;organique_beauce_5;orgeh;orgeH_tousSols_nonirr_organique;TRAVAIL_SOL;0.92;10.0;;;;;;;;;;;;;;;;;;;;;;
2019;258;beauce_5_sa_080;organique_beauce_5;orgeh;orgeH_tousSols_nonirr_organique;SEMIS;0.86;6.0;;;;;;;;;;;;;;;;;;;;;;
2019;243;beauce_5_sa_080;organique_beauce_5;orgeh;orgeH_tousSols_nonirr_organique;TRAVAIL_SOL;0.92;10.0;;;;;;;;;;;;;;;;;;;;;;
2019;278;beauce_5_sa_081;organique_beauce_5;orgeh;orgeH_tousSols_nonirr_organique;SEMIS;0.86;6.0;;;;;;;;;;;;;;;;;;;;;;
2019;266;beauce_5_sa_081;organique_beauce_5;orgeh;orgeH_tousSols_nonirr_organique;TRAVAIL_SOL;0.5;0.0;;;;;;;;;;;;;;;;;;;;;;
2019;258;beauce_5_sa_082;organique_beauce_5;orgeh;orgeH_tousSols_nonirr_organique;SEMIS;0.86;6.0;;;;;;;;;;;;;;;;;;;;;;
2019;239;beauce_5_sa_082;organique_beauce_5;orgeh;orgeH_tousSols_nonirr_organique;TRAVAIL_SOL;0.92;24.0;;;;;;;;;;;;;;;;;;;;;;
2019;296;beauce_5_sa_083;organique_beauce_5;orgeh;orgeH_tousSols_nonirr_organique;SEMIS;0.86;6.0;;;;;;;;;;;;;;;;;;;;;;
2019;276;beauce_5_sa_084;organique_beauce_5;orgeh;orgeH_tousSols_nonirr_organique;SEMIS;0.86;6.0;;;;;;;;;;;;;;;;;;;;;;
2019;298;beauce_5_sa_085;organique_beauce_5;orgeh;orgeH_tousSols_nonirr_organique;SEMIS;0.86;6.0;;;;;;;;;;;;;;;;;;;;;;
2019;287;beauce_5_sa_085;organique_beauce_5;orgeh;orgeH_tousSols_nonirr_organique;TRAVAIL_SOL;0.5;0.0;;;;;;;;;;;;;;;;;;;;;;
2019;285;beauce_5_sa_086;organique_beauce_5;orgeh;orgeH_tousSols_nonirr_organique;SEMIS;0.86;6.0;;;;;;;;;;;;;;;;;;;;;;
2019;279;beauce_5_sa_086;organique_beauce_5;orgeh;orgeH_tousSols_nonirr_organique;TRAVAIL_SOL;0.92;10.0;;;;;;;;;;;;;;;;;;;;;;
2019;261;beauce_5_sa_087;organique_beauce_5;orgeh;orgeH_tousSols_nonirr_organique;SEMIS;0.86;6.0;;;;;;;;;;;;;;;;;;;;;;
2019;273;beauce_5_sa_088;organique_beauce_5;orgeh;orgeH_tousSols_nonirr_organique;SEMIS;0.86;6.0;;;;;;;;;;;;;;;;;;;;;;
2019;257;beauce_5_sa_088;organique_beauce_5;orgeh;orgeH_tousSols_nonirr_organique;TRAVAIL_SOL;0.5;0.0;;;;;;;;;;;;;;;;;;;;;;
2019;277;beauce_5_sa_089;organique_beauce_5;orgeh;orgeH_tousSols_nonirr_organique;SEMIS;0.86;6.0;;;;;;;;;;;;;;;;;;;;;;
2019;344;beauce_5_sa_089;organique_beauce_5;orgeh;orgeH_tousSols_nonirr_organique;FERTI;0.0;;;;;;;;;;;;;;;;;;;;;;;
2019;296;beauce_5_sa_090;organique_beauce_5;orgeh;orgeH_tousSols_nonirr_organique;SEMIS;0.86;6.0;;;;;;;;;;;;;;;;;;;;;;
2019;280;beauce_5_sa_090;organique_beauce_5;orgeh;orgeH_tousSols_nonirr_organique;TRAVAIL_SOL;0.5;0.0;;;;;;;;;;;;;;;;;;;;;;
2019;310;beauce_5_sa_091;organique_beauce_5;orgeh;orgeH_tousSols_nonirr_organique;SEMIS;0.86;6.0;;;;;;;;;;;;;;;;;;;;;;
2019;289;beauce_5_sa_092;organique_beauce_5;orgeh;orgeH_tousSols_nonirr_organique;SEMIS;0.86;6.0;;;;;;;;;;;;;;;;;;;;;;
2019;305;beauce_5_sa_093;organique_beauce_5;orgeh;orgeH_tousSols_nonirr_organique;SEMIS;0.86;6.0;;;;;;;;;;;;;;;;;;;;;;
2019;301;beauce_5_sa_094;organique_beauce_5;orgeh;orgeH_tousSols_nonirr_organique;SEMIS;0.86;6.0;;;;;;;;;;;;;;;;;;;;;;
2019;258;beauce_5_sa_095;organique_beauce_5;orgeh;orgeH_tousSols_nonirr_organique;SEMIS;0.86;6.0;;;;;;;;;;;;;;;;;;;;;;
2019;293;beauce_5_sa_096;organique_beauce_5;orgeh;orgeH_tousSols_nonirr_organique;SEMIS;0.86;6.0;;;;;;;;;;;;;;;;;;;;;;
2019;269;beauce_5_sa_096;organique_beauce_5;orgeh;orgeH_tousSols_nonirr_organique;TRAVAIL_SOL;0.5;0.0;;;;;;;;;;;;;;;;;;;;;;
2019;302;beauce_5_sa_097;organique_beauce_5;orgeh;orgeH_tousSols_nonirr_organique;SEMIS;0.86;6.0;;;;;;;;;;;;;;;;;;;;;;
2019;348;beauce_5_sa_097;organique_beauce_5;orgeh;orgeH_tousSols_nonirr_organique;FERTI;0.0;;;;;;;;;;;;;;;;;;;;;;;
2019;317;beauce_5_sa_098;organique_beauce_5;orgeh;orgeH_tousSols_nonirr_organique;SEMIS;0.86;6.0;;;;;;;;;;;;;;;;;;;;;;
2019;277;beauce_5_sa_098;organique_beauce_5;orgeh;orgeH_tousSols_nonirr_organique;TRAVAIL_SOL;0.5;0.0;;;;;;;;;;;;;;;;;;;;;;
2019;282;beauce_5_sa_099;organique_beauce_5;orgeh;orgeH_tousSols_nonirr_organique;SEMIS;0.86;6.0;;;;;;;;;;;;;;;;;;;;;;
2020;225;beauce_5_sa_000;organique_beauce_5;orgeh;orgeH_tousSols_nonirr_organique;RECOLTE;0.67;0.0;5.27;;;;;;;;;;;;;0.0;4.31;1.91;;;;;;
2020;291;beauce_5_sa_000;organique_beauce_5;orgeh;orgeH_tousSols_nonirr_organique;SEMIS;0.86;6.0;;;;;;;;;;;;;;;;;;;;;;
2020;249;beauce_5_sa_000;organique_beauce_5;orgeh;orgeH_tousSols_nonirr_organique;TRAVAIL_SOL;0.92;24.0;;;;;;;;;;;;;;;;;;;;;;
2020;222;beauce_5_sa_001;organique_beauce_5;orgeh;orgeH_tousSols_nonirr_organique;RECOLTE;0.67;0.0;5.29;;;;;;;;;;;;;0.0;4.32;1.91;;;;;;
2020;282;beauce_5_sa_001;organique_beauce_5;orgeh;orgeH_tousSols_nonirr_organique;SEMIS;0.86;6.0;;;;;;;;;;;;;;;;;;;;;;
2020;50;beauce_5_sa_001;organique_beauce_5;orgeh;orgeH_tousSols_nonirr_organique;FERTI;0.0;;;;;;;;;;;;;;;;;;;;;;;
2020;203;beauce_5_sa_002;organique_beauce_5;orgeh;orgeH_tousSols_nonirr_organique;RECOLTE;0.67;0.0;5.3;;;;;;;;;;;;;0.0;4.33;1.91;;;;;;
2020;294;beauce_5_sa_002;organique_beauce_5;orgeh;orgeH_tousSols_nonirr_organique;SEMIS;0.86;6.0;;;;;;;;;;;;;;;;;;;;;;
2020;53;beauce_5_sa_002;organique_beauce_5;orgeh;orgeH_tousSols_nonirr_organique;FERTI;0.0;;;;;;;;;;;;;;;;;;;;;;;
2020;107;beauce_5_sa_002;organique_beauce_5;orgeh;orgeH_tousSols_nonirr_organique;FERTI;0.0;;;;;;;;;;;;;;;;;;;;;;;
2020;261;beauce_5_sa_002;organique_beauce_5;orgeh;orgeH_tousSols_nonirr_organique;TRAVAIL_SOL;0.5;0.0;;;;;;;;;;;;;;;;;;;;;;
2020;202;beauce_5_sa_003;organique_beauce_5;orgeh;orgeH_tousSols_nonirr_organique;RECOLTE;0.67;0.0;5.32;;;;;;;;;;;;;0.0;4.34;1.91;;;;;;
2020;285;beauce_5_sa_003;organique_beauce_5;orgeh;orgeH_tousSols_nonirr_organique;SEMIS;0.86;6.0;;;;;;;;;;;;;;;;;;;;;;
2020;93;beauce_5_sa_003;organique_beauce_5;orgeh;orgeH_tousSols_nonirr_organique;FERTI;0.0;;;;;;;;;;;;;;;;;;;;;;;
2020;245;beauce_5_sa_003;organique_beauce_5;orgeh;orgeH_tousSols_nonirr_organique;TRAVAIL_SOL;0.92;24.0;;;;;;;;;;;;;;;;;;;;;;
2020;198;beauce_5_sa_004;organique_beauce_5;orgeh;orgeH_tousSols_nonirr_organique;RECOLTE;0.67;0.0;5.27;;;;;;;;;;;;;0.0;4.3;1.91;;;;;;
2020;264;beauce_5_sa_004;organique_beauce_5;orgeh;orgeH_tousSols_nonirr_organique;SEMIS;0.86;6.0;;;;;;;;;;;;;;;;;;;;;;
2020;352;beauce_5_sa_004;organique_beauce_5;orgeh;orgeH_tousSols_nonirr_organique;FERTI;0.0;;;;;;;;;;;;;;;;;;;;;;;
2020;191;beauce_5_sa_005;organique_beauce_5;orgeh;orgeH_tousSols_nonirr_organique;RECOLTE;0.67;0.0;5.35;;;;;;;;;;;;;0.0;4.37;1.91;;;;;;
2020;306;beauce_5_sa_005;organique_beauce_5;orgeh;orgeH_tousSols_nonirr_organique;SEMIS;0.86;6.0;;;;;;;;;;;;;;;;;;;;;;
2020;112;beauce_5_sa_005;organique_beauce_5;orgeh;orgeH_tousSols_nonirr_organique;FERTI;0.0;;;;;;;;;;;;;;;;;;;;;;;
2020;140;beauce_5_sa_005;organique_beauce_5;orgeh;orgeH_tousSols_nonirr_organique;FERTI;0.0;;;;;;;;;;;;;;;;;;;;;;;
2020;345;beauce_5_sa_005;organique_beauce_5;orgeh;orgeH_tousSols_nonirr_organique;FERTI;0.0;;;;;;;;;;;;;;;;;;;;;;;
2020;171;beauce_5_sa_006;organique_beauce_5;orgeh;orgeH_tousSols_nonirr_organique;RECOLTE;0.67;0.0;5.28;;;;;;;;;;;;;0.0;4.31;1.91;;;;;;
2020;279;beauce_5_sa_006;organique_beauce_5;orgeh;orgeH_tousSols_nonirr_organique;SEMIS;0.86;6.0;;;;;;;;;;;;;;;;;;;;;;
2020;21;beauce_5_sa_006;organique_beauce_5;orgeh;orgeH_tousSols_nonirr_organique;FERTI;0.0;;;;;;;;;;;;;;;;;;;;;;;
2020;156;beauce_5_sa_006;organique_beauce_5;orgeh;orgeH_tousSols_nonirr_organique;FERTI;0.0;;;;;;;;;;;;;;;;;;;;;;;
2020;157;beauce_5_sa_006;organique_beauce_5;orgeh;orgeH_tousSols_nonirr_organique;FERTI;0.0;;;;;;;;;;;;;;;;;;;;;;;
2020;177;beauce_5_sa_007;organique_beauce_5;orgeh;orgeH_tousSols_nonirr_organique;RECOLTE;0.67;0.0;5.3;;;;;;;;;;;;;0.0;4.33;1.91;;;;;;
2020;287;beauce_5_sa_007;organique_beauce_5;orgeh;orgeH_tousSols_nonirr_organique;SEMIS;0.86;6.0;;;;;;;;;;;;;;;;;;;;;;
2020;206;beauce_5_sa_008;organique_beauce_5;orgeh;orgeH_tousSols_nonirr_organique;RECOLTE;0.67;0.0;5.36;;;;;;;;;;;;;0.0;4.38;1.91;;;;;;
2020;319;beauce_5_sa_008;organique_beauce_5;orgeh;orgeH_tousSols_nonirr_organique;SEMIS;0.86;6.0;;;;;;;;;;;;;;;;;;;;;;
2020;214;beauce_5_sa_009;organique_beauce_5;orgeh;orgeH_tousSols_nonirr_organique;RECOLTE;0.67;0.0;5.37;;;;;;;;;;;;;0.0;4.38;1.91;;;;;;
2020;304;beauce_5_sa_009;organique_beauce_5;orgeh;orgeH_tousSols_nonirr_organique;SEMIS;0.86;6.0;;;;;;;;;;;;;;;;;;;;;;
2020;265;beauce_5_sa_009;organique_beauce_5;orgeh;orgeH_tousSols_nonirr_organique;TRAVAIL_SOL;0.92;10.0;;;;;;;;;;;;;;;;;;;;;;
2020;219;beauce_5_sa_010;organique_beauce_5;orgeh;orgeH_tousSols_nonirr_organique;RECOLTE;0.67;0.0;5.32;;;;;;;;;;;;;0.0;4.34;1.91;;;;;;
2020;301;beauce_5_sa_010;organique_beauce_5;orgeh;orgeH_tousSols_nonirr_organique;SEMIS;0.86;6.0;;;;;;;;;;;;;;;;;;;;;;
2020;296;beauce_5_sa_010;organique_beauce_5;orgeh;orgeH_tousSols_nonirr_organique;TRAVAIL_SOL;0.92;24.0;;;;;;;;;;;;;;;;;;;;;;
2020;179;beauce_5_sa_011;organique_beauce_5;orgeh;orgeH_tousSols_nonirr_organique;RECOLTE;0.67;0.0;5.08;;;;;;;;;;;;;0.0;4.15;1.91;;;;;;
2020;312;beauce_5_sa_011;organique_beauce_5;orgeh;orgeH_tousSols_nonirr_organique;SEMIS;0.86;6.0;;;;;;;;;;;;;;;;;;;;;;
2020;64;beauce_5_sa_011;organique_beauce_5;orgeh;orgeH_tousSols_nonirr_organique;FERTI;0.0;;;;;;;;;;;;;;;;;;;;;;;
2020;197;beauce_5_sa_012;organique_beauce_5;orgeh;orgeH_tousSols_nonirr_organique;RECOLTE;0.67;0.0;5.35;;;;;;;;;;;;;0.0;4.37;1.91;;;;;;
2020;307;beauce_5_sa_012;organique_beauce_5;orgeh;orgeH_tousSols_nonirr_organique;SEMIS;0.86;6.0;;;;;;;;;;;;;;;;;;;;;;
2020;157;beauce_5_sa_012;organique_beauce_5;orgeh;orgeH_tousSols_nonirr_organique;FERTI;0.0;;;;;;;;;;;;;;;;;;;;;;;
2020;185;beauce_5_sa_013;organique_beauce_5;orgeh;orgeH_tousSols_nonirr_organique;RECOLTE;0.67;0.0;5.29;;;;;;;;;;;;;0.0;4.32;1.91;;;;;;
2020;275;beauce_5_sa_013;organique_beauce_5;orgeh;orgeH_tousSols_nonirr_organique;SEMIS;0.86;6.0;;;;;;;;;;;;;;;;;;;;;;
2020;236;beauce_5_sa_013;organique_beauce_5;orgeh;orgeH_tousSols_nonirr_organique;TRAVAIL_SOL;0.92;10.0;;;;;;;;;;;;;;;;;;;;;;
2020;188;beauce_5_sa_014;organique_beauce_5;orgeh;orgeH_tousSols_nonirr_organique;RECOLTE;0.67;0.0;5.23;;;;;;;;;;;;;0.0;4.27;1.91;;;;;;
2020;276;beauce_5_sa_014;organique_beauce_5;orgeh;orgeH_tousSols_nonirr_organique;SEMIS;0.86;6.0;;;;;;;;;;;;;;;;;;;;;;
2020;29;beauce_5_sa_014;organique_beauce_5;orgeh;orgeH_tousSols_nonirr_organique;FERTI;0.0;;;;;;;;;;;;;;;;;;;;;;;
2020;118;beauce_5_sa_014;organique_beauce_5;orgeh;orgeH_tousSols_nonirr_organique;FERTI;0.0;;;;;;;;;;;;;;;;;;;;;;;
2020;233;beauce_5_sa_014;organique_beauce_5;orgeh;orgeH_tousSols_nonirr_organique;TRAVAIL_SOL;0.5;10.0;;;;;;;;;;;;;;;;;;;;;;
2020;176;beauce_5_sa_015;organique_beauce_5;orgeh;orgeH_tousSols_nonirr_organique;RECOLTE;0.67;0.0;5.28;;;;;;;;;;;;;0.0;4.31;1.91;;;;;;
2020;274;beauce_5_sa_015;organique_beauce_5;orgeh;orgeH_tousSols_nonirr_organique;SEMIS;0.86;6.0;;;;;;;;;;;;;;;;;;;;;;
2020;258;beauce_5_sa_015;organique_beauce_5;orgeh;orgeH_tousSols_nonirr_organique;TRAVAIL_SOL;0.92;10.0;;;;;;;;;;;;;;;;;;;;;;
2020;187;beauce_5_sa_016;organique_beauce_5;orgeh;orgeH_tousSols_nonirr_organique;RECOLTE;0.67;0.0;5.25;;;;;;;;;;;;;0.0;4.28;1.91;;;;;;
2020;262;beauce_5_sa_016;organique_beauce_5;orgeh;orgeH_tousSols_nonirr_organique;SEMIS;0.86;6.0;;;;;;;;;;;;;;;;;;;;;;
2020;44;beauce_5_sa_016;organique_beauce_5;orgeh;orgeH_tousSols_nonirr_organique;FERTI;0.0;;;;;;;;;;;;;;;;;;;;;;;
2020;76;beauce_5_sa_016;organique_beauce_5;orgeh;orgeH_tousSols_nonirr_organique;FERTI;0.0;;;;;;;;;;;;;;;;;;;;;;;
2020;245;beauce_5_sa_016;organique_beauce_5;orgeh;orgeH_tousSols_nonirr_organique;TRAVAIL_SOL;0.92;10.0;;;;;;;;;;;;;;;;;;;;;;
2020;172;beauce_5_sa_017;organique_beauce_5;orgeh;orgeH_tousSols_nonirr_organique;RECOLTE;0.67;0.0;5.2;;;;;;;;;;;;;0.0;4.25;1.91;;;;;;
2020;286;beauce_5_sa_017;organique_beauce_5;orgeh;orgeH_tousSols_nonirr_organique;SEMIS;0.86;6.0;;;;;;;;;;;;;;;;;;;;;;
2020;61;beauce_5_sa_017;organique_beauce_5;orgeh;orgeH_tousSols_nonirr_organique;FERTI;0.0;;;;;;;;;;;;;;;;;;;;;;;
2020;365;beauce_5_sa_017;organique_beauce_5;orgeh;orgeH_tousSols_nonirr_organique;FERTI;0.0;;;;;;;;;;;;;;;;;;;;;;;
2020;266;beauce_5_sa_017;organique_beauce_5;orgeh;orgeH_tousSols_nonirr_organique;TRAVAIL_SOL;0.92;10.0;;;;;;;;;;;;;;;;;;;;;;
2020;222;beauce_5_sa_018;organique_beauce_5;orgeh;orgeH_tousSols_nonirr_organique;RECOLTE;0.67;0.0;5.34;;;;;;;;;;;;;0.0;4.36;1.91;;;;;;
2020;311;beauce_5_sa_018;organique_beauce_5;orgeh;orgeH_tousSols_nonirr_organique;SEMIS;0.86;6.0;;;;;;;;;;;;;;;;;;;;;;
2020;270;beauce_5_sa_018;organique_beauce_5;orgeh;orgeH_tousSols_nonirr_organique;TRAVAIL_SOL;0.92;24.0;;;;;;;;;;;;;;;;;;;;;;
2020;206;beauce_5_sa_019;organique_beauce_5;orgeh;orgeH_tousSols_nonirr_organique;RECOLTE;0.67;0.0;5.35;;;;;;;;;;;;;0.0;4.37;1.91;;;;;;
2020;307;beauce_5_sa_019;organique_beauce_5;orgeh;orgeH_tousSols_nonirr_organique;SEMIS;0.86;6.0;;;;;;;;;;;;;;;;;;;;;;
2020;342;beauce_5_sa_019;organique_beauce_5;orgeh;orgeH_tousSols_nonirr_organique;FERTI;0.0;;;;;;;;;;;;;;;;;;;;;;;
2020;200;beauce_5_sa_020;organique_beauce_5;orgeh;orgeH_tousSols_nonirr_organique;RECOLTE;0.67;0.0;5.36;;;;;;;;;;;;;0.0;4.38;1.91;;;;;;
2020;309;beauce_5_sa_020;organique_beauce_5;orgeh;orgeH_tousSols_nonirr_organique;SEMIS;0.86;6.0;;;;;;;;;;;;;;;;;;;;;;
2020;31;beauce_5_sa_020;organique_beauce_5;orgeh;orgeH_tousSols_nonirr_organique;FERTI;0.0;;;;;;;;;;;;;;;;;;;;;;;
2020;271;beauce_5_sa_020;organique_beauce_5;orgeh;orgeH_tousSols_nonirr_organique;TRAVAIL_SOL;0.5;0.0;;;;;;;;;;;;;;;;;;;;;;
2020;195;beauce_5_sa_021;organique_beauce_5;orgeh;orgeH_tousSols_nonirr_organique;RECOLTE;0.67;0.0;5.24;;;;;;;;;;;;;0.0;4.28;1.91;;;;;;
2020;259;beauce_5_sa_021;organique_beauce_5;orgeh;orgeH_tousSols_nonirr_organique;SEMIS;0.86;6.0;;;;;;;;;;;;;;;;;;;;;;
2020;66;beauce_5_sa_021;organique_beauce_5;orgeh;orgeH_tousSols_nonirr_organique;FERTI;0.0;;;;;;;;;;;;;;;;;;;;;;;
2020;161;beauce_5_sa_021;organique_beauce_5;orgeh;orgeH_tousSols_nonirr_organique;FERTI;0.0;;;;;;;;;;;;;;;;;;;;;;;
2020;162;beauce_5_sa_021;organique_beauce_5;orgeh;orgeH_tousSols_nonirr_organique;FERTI;0.0;;;;;;;;;;;;;;;;;;;;;;;
2020;254;beauce_5_sa_021;organique_beauce_5;orgeh;orgeH_tousSols_nonirr_organique;TRAVAIL_SOL;0.92;24.0;;;;;;;;;;;;;;;;;;;;;;
2020;217;beauce_5_sa_022;organique_beauce_5;orgeh;orgeH_tousSols_nonirr_organique;RECOLTE;0.67;0.0;5.33;;;;;;;;;;;;;0.0;4.35;1.91;;;;;;
2020;309;beauce_5_sa_022;organique_beauce_5;orgeh;orgeH_tousSols_nonirr_organique;SEMIS;0.86;6.0;;;;;;;;;;;;;;;;;;;;;;
2020;155;beauce_5_sa_022;organique_beauce_5;orgeh;orgeH_tousSols_nonirr_organique;FERTI;0.0;;;;;;;;;;;;;;;;;;;;;;;
2020;323;beauce_5_sa_022;organique_beauce_5;orgeh;orgeH_tousSols_nonirr_organique;FERTI;0.0;;;;;;;;;;;;;;;;;;;;;;;
2020;228;beauce_5_sa_023;organique_beauce_5;orgeh;orgeH_tousSols_nonirr_organique;RECOLTE;0.67;0.0;5.35;;;;;;;;;;;;;0.0;4.37;1.91;;;;;;
2020;317;beauce_5_sa_023;organique_beauce_5;orgeh;orgeH_tousSols_nonirr_organique;SEMIS;0.86;6.0;;;;;;;;;;;;;;;;;;;;;;
2020;23;beauce_5_sa_023;organique_beauce_5;orgeh;orgeH_tousSols_nonirr_organique;FERTI;0.0;;;;;;;;;;;;;;;;;;;;;;;
2020;119;beauce_5_sa_023;organique_beauce_5;orgeh;orgeH_tousSols_nonirr_organique;FERTI;0.0;;;;;;;;;;;;;;;;;;;;;;;
2020;146;beauce_5_sa_023;organique_beauce_5;orgeh;orgeH_tousSols_nonirr_organique;FERTI;0.0;;;;;;;;;;;;;;;;;;;;;;;
2020;201;beauce_5_sa_024;organique_beauce_5;orgeh;orgeH_tousSols_nonirr_organique;RECOLTE;0.67;0.0;5.25;;;;;;;;;;;;;0.0;4.29;1.91;;;;;;
2020;271;beauce_5_sa_024;organique_beauce_5;orgeh;orgeH_tousSols_nonirr_organique;SEMIS;0.86;6.0;;;;;;;;;;;;;;;;;;;;;;
2020;83;beauce_5_sa_024;organique_beauce_5;orgeh;orgeH_tousSols_nonirr_organique;FERTI;0.0;;;;;;;;;;;;;;;;;;;;;;;
2020;229;beauce_5_sa_024;organique_beauce_5;orgeh;orgeH_tousSols_nonirr_organique;TRAVAIL_SOL;0.5;0.0;;;;;;;;;;;;;;;;;;;;;;
2020;201;beauce_5_sa_025;organique_beauce_5;orgeh;orgeH_tousSols_nonirr_organique;RECOLTE;0.67;0.0;5.31;;;;;;;;;;;;;0.0;4.34;1.91;;;;;;
2020;298;beauce_5_sa_025;organique_beauce_5;orgeh;orgeH_tousSols_nonirr_organique;SEMIS;0.86;6.0;;;;;;;;;;;;;;;;;;;;;;
2020;78;beauce_5_sa_025;organique_beauce_5;orgeh;orgeH_tousSols_nonirr_organique;FERTI;0.0;;;;;;;;;;;;;;;;;;;;;;;
2020;260;beauce_5_sa_025;organique_beauce_5;orgeh;orgeH_tousSols_nonirr_organique;TRAVAIL_SOL;0.5;0.0;;;;;;;;;;;;;;;;;;;;;;
2020;212;beauce_5_sa_026;organique_beauce_5;orgeh;orgeH_tousSols_nonirr_organique;RECOLTE;0.67;0.0;5.37;;;;;;;;;;;;;0.0;4.39;1.91;;;;;;
2020;302;beauce_5_sa_026;organique_beauce_5;orgeh;orgeH_tousSols_nonirr_organique;SEMIS;0.86;6.0;;;;;;;;;;;;;;;;;;;;;;
2020;90;beauce_5_sa_026;organique_beauce_5;orgeh;orgeH_tousSols_nonirr_organique;FERTI;0.0;;;;;;;;;;;;;;;;;;;;;;;
2020;337;beauce_5_sa_026;organique_beauce_5;orgeh;orgeH_tousSols_nonirr_organique;FERTI;0.0;;;;;;;;;;;;;;;;;;;;;;;
2020;200;beauce_5_sa_027;organique_beauce_5;orgeh;orgeH_tousSols_nonirr_organique;RECOLTE;0.67;0.0;5.3;;;;;;;;;;;;;0.0;4.33;1.91;;;;;;
2020;274;beauce_5_sa_027;organique_beauce_5;orgeh;orgeH_tousSols_nonirr_organique;SEMIS;0.86;6.0;;;;;;;;;;;;;;;;;;;;;;
2020;146;beauce_5_sa_027;organique_beauce_5;orgeh;orgeH_tousSols_nonirr_organique;FERTI;0.0;;;;;;;;;;;;;;;;;;;;;;;
2020;147;beauce_5_sa_027;organique_beauce_5;orgeh;orgeH_tousSols_nonirr_organique;FERTI;0.0;;;;;;;;;;;;;;;;;;;;;;;
2020;364;beauce_5_sa_027;organique_beauce_5;orgeh;orgeH_tousSols_nonirr_organique;FERTI;0.0;;;;;;;;;;;;;;;;;;;;;;;
2020;226;beauce_5_sa_028;organique_beauce_5;orgeh;orgeH_tousSols_nonirr_organique;RECOLTE;0.67;0.0;5.27;;;;;;;;;;;;;0.0;4.3;1.91;;;;;;
2020;275;beauce_5_sa_028;organique_beauce_5;orgeh;orgeH_tousSols_nonirr_organique;SEMIS;0.86;6.0;;;;;;;;;;;;;;;;;;;;;;
2020;157;beauce_5_sa_028;organique_beauce_5;orgeh;orgeH_tousSols_nonirr_organique;FERTI;0.0;;;;;;;;;;;;;;;;;;;;;;;
2020;158;beauce_5_sa_028;organique_beauce_5;orgeh;orgeH_tousSols_nonirr_organique;FERTI;0.0;;;;;;;;;;;;;;;;;;;;;;;
2020;233;beauce_5_sa_028;organique_beauce_5;orgeh;orgeH_tousSols_nonirr_organique;TRAVAIL_SOL;0.92;10.0;;;;;;;;;;;;;;;;;;;;;;
2020;198;beauce_5_sa_029;organique_beauce_5;orgeh;orgeH_tousSols_nonirr_organique;RECOLTE;0.67;0.0;5.28;;;;;;;;;;;;;0.0;4.31;1.91;;;;;;
2020;279;beauce_5_sa_029;organique_beauce_5;orgeh;orgeH_tousSols_nonirr_organique;SEMIS;0.86;6.0;;;;;;;;;;;;;;;;;;;;;;
2020;136;beauce_5_sa_029;organique_beauce_5;orgeh;orgeH_tousSols_nonirr_organique;FERTI;0.0;;;;;;;;;;;;;;;;;;;;;;;
2020;169;beauce_5_sa_029;organique_beauce_5;orgeh;orgeH_tousSols_nonirr_organique;FERTI;0.0;;;;;;;;;;;;;;;;;;;;;;;
2020;170;beauce_5_sa_029;organique_beauce_5;orgeh;orgeH_tousSols_nonirr_organique;FERTI;0.0;;;;;;;;;;;;;;;;;;;;;;;
2020;203;beauce_5_sa_030;organique_beauce_5;orgeh;orgeH_tousSols_nonirr_organique;RECOLTE;0.67;0.0;5.38;;;;;;;;;;;;;0.0;4.39;1.91;;;;;;
2020;302;beauce_5_sa_030;organique_beauce_5;orgeh;orgeH_tousSols_nonirr_organique;SEMIS;0.86;6.0;;;;;;;;;;;;;;;;;;;;;;
2020;55;beauce_5_sa_030;organique_beauce_5;orgeh;orgeH_tousSols_nonirr_organique;FERTI;0.0;;;;;;;;;;;;;;;;;;;;;;;
2020;150;beauce_5_sa_030;organique_beauce_5;orgeh;orgeH_tousSols_nonirr_organique;FERTI;0.0;;;;;;;;;;;;;;;;;;;;;;;
2020;259;beauce_5_sa_030;organique_beauce_5;orgeh;orgeH_tousSols_nonirr_organique;TRAVAIL_SOL;0.5;0.0;;;;;;;;;;;;;;;;;;;;;;
2020;177;beauce_5_sa_031;organique_beauce_5;orgeh;orgeH_tousSols_nonirr_organique;RECOLTE;0.67;0.0;5.0;;;;;;;;;;;;;0.0;4.08;1.91;;;;;;
2020;317;beauce_5_sa_031;organique_beauce_5;orgeh;orgeH_tousSols_nonirr_organique;SEMIS;0.86;6.0;;;;;;;;;;;;;;;;;;;;;;
2020;222;beauce_5_sa_032;organique_beauce_5;orgeh;orgeH_tousSols_nonirr_organique;RECOLTE;0.67;0.0;5.37;;;;;;;;;;;;;0.0;4.38;1.91;;;;;;
2020;303;beauce_5_sa_032;organique_beauce_5;orgeh;orgeH_tousSols_nonirr_organique;SEMIS;0.86;6.0;;;;;;;;;;;;;;;;;;;;;;
2020;97;beauce_5_sa_032;organique_beauce_5;orgeh;orgeH_tousSols_nonirr_organique;FERTI;0.0;;;;;;;;;;;;;;;;;;;;;;;
2020;352;beauce_5_sa_032;organique_beauce_5;orgeh;orgeH_tousSols_nonirr_organique;FERTI;0.0;;;;;;;;;;;;;;;;;;;;;;;
2020;269;beauce_5_sa_032;organique_beauce_5;orgeh;orgeH_tousSols_nonirr_organique;TRAVAIL_SOL;0.92;10.0;;;;;;;;;;;;;;;;;;;;;;
2020;178;beauce_5_sa_033;organique_beauce_5;orgeh;orgeH_tousSols_nonirr_organique;RECOLTE;0.67;0.0;5.32;;;;;;;;;;;;;0.0;4.34;1.91;;;;;;
2020;289;beauce_5_sa_033;organique_beauce_5;orgeh;orgeH_tousSols_nonirr_organique;SEMIS;0.86;6.0;;;;;;;;;;;;;;;;;;;;;;
2020;9;beauce_5_sa_033;organique_beauce_5;orgeh;orgeH_tousSols_nonirr_organique;FERTI;0.0;;;;;;;;;;;;;;;;;;;;;;;
2020;227;beauce_5_sa_034;organique_beauce_5;orgeh;orgeH_tousSols_nonirr_organique;RECOLTE;0.67;0.0;5.23;;;;;;;;;;;;;0.0;4.27;1.91;;;;;;
2020;276;beauce_5_sa_034;organique_beauce_5;orgeh;orgeH_tousSols_nonirr_organique;SEMIS;0.86;6.0;;;;;;;;;;;;;;;;;;;;;;
2020;82;beauce_5_sa_034;organique_beauce_5;orgeh;orgeH_tousSols_nonirr_organique;FERTI;0.0;;;;;;;;;;;;;;;;;;;;;;;
2020;255;beauce_5_sa_034;organique_beauce_5;orgeh;orgeH_tousSols_nonirr_organique;TRAVAIL_SOL;0.5;0.0;;;;;;;;;;;;;;;;;;;;;;
2020;220;beauce_5_sa_035;organique_beauce_5;orgeh;orgeH_tousSols_nonirr_organique;RECOLTE;0.67;0.0;5.33;;;;;;;;;;;;;0.0;4.36;1.91;;;;;;
2020;318;beauce_5_sa_035;organique_beauce_5;orgeh;orgeH_tousSols_nonirr_organique;SEMIS;0.86;6.0;;;;;;;;;;;;;;;;;;;;;;
2020;150;beauce_5_sa_035;organique_beauce_5;orgeh;orgeH_tousSols_nonirr_organique;FERTI;0.0;;;;;;;;;;;;;;;;;;;;;;;
2020;151;beauce_5_sa_035;organique_beauce_5;orgeh;orgeH_tousSols_nonirr_organique;FERTI;0.0;;;;;;;;;;;;;;;;;;;;;;;
2020;278;beauce_5_sa_035;organique_beauce_5;orgeh;orgeH_tousSols_nonirr_organique;TRAVAIL_SOL;0.92;10.0;;;;;;;;;;;;;;;;;;;;;;
2020;197;beauce_5_sa_036;organique_beauce_5;orgeh;orgeH_tousSols_nonirr_organique;RECOLTE;0.67;0.0;5.25;;;;;;;;;;;;;0.0;4.29;1.91;;;;;;
2020;271;beauce_5_sa_036;organique_beauce_5;orgeh;orgeH_tousSols_nonirr_organique;SEMIS;0.86;6.0;;;;;;;;;;;;;;;;;;;;;;
2020;230;beauce_5_sa_036;organique_beauce_5;orgeh;orgeH_tousSols_nonirr_organique;TRAVAIL_SOL;0.5;0.0;;;;;;;;;;;;;;;;;;;;;;
2020;193;beauce_5_sa_037;organique_beauce_5;orgeh;orgeH_tousSols_nonirr_organique;RECOLTE;0.67;0.0;5.25;;;;;;;;;;;;;0.0;4.29;1.91;;;;;;
2020;297;beauce_5_sa_037;organique_beauce_5;orgeh;orgeH_tousSols_nonirr_organique;SEMIS;0.86;6.0;;;;;;;;;;;;;;;;;;;;;;
2020;72;beauce_5_sa_037;organique_beauce_5;orgeh;orgeH_tousSols_nonirr_organique;FERTI;0.0;;;;;;;;;;;;;;;;;;;;;;;
2020;73;beauce_5_sa_037;organique_beauce_5;orgeh;orgeH_tousSols_nonirr_organique;FERTI;0.0;;;;;;;;;;;;;;;;;;;;;;;
2020;125;beauce_5_sa_037;organique_beauce_5;orgeh;orgeH_tousSols_nonirr_organique;FERTI;0.0;;;;;;;;;;;;;;;;;;;;;;;
2020;261;beauce_5_sa_037;organique_beauce_5;orgeh;orgeH_tousSols_nonirr_organique;TRAVAIL_SOL;0.92;10.0;;;;;;;;;;;;;;;;;;;;;;
2020;188;beauce_5_sa_038;organique_beauce_5;orgeh;orgeH_tousSols_nonirr_organique;RECOLTE;0.67;0.0;5.27;;;;;;;;;;;;;0.0;4.3;1.91;;;;;;
2020;291;beauce_5_sa_038;organique_beauce_5;orgeh;orgeH_tousSols_nonirr_organique;SEMIS;0.86;6.0;;;;;;;;;;;;;;;;;;;;;;
2020;108;beauce_5_sa_038;organique_beauce_5;orgeh;orgeH_tousSols_nonirr_organique;FERTI;0.0;;;;;;;;;;;;;;;;;;;;;;;
2020;144;beauce_5_sa_038;organique_beauce_5;orgeh;orgeH_tousSols_nonirr_organique;FERTI;0.0;;;;;;;;;;;;;;;;;;;;;;;
2020;173;beauce_5_sa_039;organique_beauce_5;orgeh;orgeH_tousSols_nonirr_organique;RECOLTE;0.67;0.0;4.92;;;;;;;;;;;;;0.0;4.02;1.91;;;;;;
2020;312;beauce_5_sa_039;organique_beauce_5;orgeh;orgeH_tousSols_nonirr_organique;SEMIS;0.86;6.0;;;;;;;;;;;;;;;;;;;;;;
2020;31;beauce_5_sa_039;organique_beauce_5;orgeh;orgeH_tousSols_nonirr_organique;FERTI;0.0;;;;;;;;;;;;;;;;;;;;;;;
2020;132;beauce_5_sa_039;organique_beauce_5;orgeh;orgeH_tousSols_nonirr_organique;FERTI;0.0;;;;;;;;;;;;;;;;;;;;;;;
2020;171;beauce_5_sa_040;organique_beauce_5;orgeh;orgeH_tousSols_nonirr_organique;RECOLTE;0.67;0.0;4.88;;;;;;;;;;;;;0.0;3.99;1.91;;;;;;
2020;306;beauce_5_sa_040;organique_beauce_5;orgeh;orgeH_tousSols_nonirr_organique;SEMIS;0.86;6.0;;;;;;;;;;;;;;;;;;;;;;
2020;151;beauce_5_sa_040;organique_beauce_5;orgeh;orgeH_tousSols_nonirr_organique;FERTI;0.0;;;;;;;;;;;;;;;;;;;;;;;
2020;278;beauce_5_sa_040;organique_beauce_5;orgeh;orgeH_tousSols_nonirr_organique;TRAVAIL_SOL;0.92;10.0;;;;;;;;;;;;;;;;;;;;;;
2020;219;beauce_5_sa_041;organique_beauce_5;orgeh;orgeH_tousSols_nonirr_organique;RECOLTE;0.67;0.0;5.27;;;;;;;;;;;;;0.0;4.3;1.91;;;;;;
2020;275;beauce_5_sa_041;organique_beauce_5;orgeh;orgeH_tousSols_nonirr_organique;SEMIS;0.86;6.0;;;;;;;;;;;;;;;;;;;;;;
2020;72;beauce_5_sa_041;organique_beauce_5;orgeh;orgeH_tousSols_nonirr_organique;FERTI;0.0;;;;;;;;;;;;;;;;;;;;;;;
2020;73;beauce_5_sa_041;organique_beauce_5;orgeh;orgeH_tousSols_nonirr_organique;FERTI;0.0;;;;;;;;;;;;;;;;;;;;;;;
2020;258;beauce_5_sa_041;organique_beauce_5;orgeh;orgeH_tousSols_nonirr_organique;TRAVAIL_SOL;0.92;10.0;;;;;;;;;;;;;;;;;;;;;;
2020;189;beauce_5_sa_042;organique_beauce_5;orgeh;orgeH_tousSols_nonirr_organique;RECOLTE;0.67;0.0;5.33;;;;;;;;;;;;;0.0;4.35;1.91;;;;;;
2020;309;beauce_5_sa_042;organique_beauce_5;orgeh;orgeH_tousSols_nonirr_organique;SEMIS;0.86;6.0;;;;;;;;;;;;;;;;;;;;;;
2020;227;beauce_5_sa_043;organique_beauce_5;orgeh;orgeH_tousSols_nonirr_organique;RECOLTE;0.67;0.0;5.24;;;;;;;;;;;;;0.0;4.28;1.91;;;;;;
2020;267;beauce_5_sa_043;organique_beauce_5;orgeh;orgeH_tousSols_nonirr_organique;SEMIS;0.86;6.0;;;;;;;;;;;;;;;;;;;;;;
2020;356;beauce_5_sa_043;organique_beauce_5;orgeh;orgeH_tousSols_nonirr_organique;FERTI;0.0;;;;;;;;;;;;;;;;;;;;;;;
2020;243;beauce_5_sa_043;organique_beauce_5;orgeh;orgeH_tousSols_nonirr_organique;TRAVAIL_SOL;0.92;10.0;;;;;;;;;;;;;;;;;;;;;;
2020;213;beauce_5_sa_044;organique_beauce_5;orgeh;orgeH_tousSols_nonirr_organique;RECOLTE;0.67;0.0;5.3;;;;;;;;;;;;;0.0;4.33;1.91;;;;;;
2020;274;beauce_5_sa_044;organique_beauce_5;orgeh;orgeH_tousSols_nonirr_organique;SEMIS;0.86;6.0;;;;;;;;;;;;;;;;;;;;;;
2020;165;beauce_5_sa_044;organique_beauce_5;orgeh;orgeH_tousSols_nonirr_organique;FERTI;0.0;;;;;;;;;;;;;;;;;;;;;;;
2020;166;beauce_5_sa_044;organique_beauce_5;orgeh;orgeH_tousSols_nonirr_organique;FERTI;0.0;;;;;;;;;;;;;;;;;;;;;;;
2020;204;beauce_5_sa_045;organique_beauce_5;orgeh;orgeH_tousSols_nonirr_organique;RECOLTE;0.67;0.0;5.25;;;;;;;;;;;;;0.0;4.29;1.91;;;;;;
2020;277;beauce_5_sa_045;organique_beauce_5;orgeh;orgeH_tousSols_nonirr_organique;SEMIS;0.86;6.0;;;;;;;;;;;;;;;;;;;;;;
2020;338;beauce_5_sa_045;organique_beauce_5;orgeh;orgeH_tousSols_nonirr_organique;FERTI;0.0;;;;;;;;;;;;;;;;;;;;;;;
2020;267;beauce_5_sa_045;organique_beauce_5;orgeh;orgeH_tousSols_nonirr_organique;TRAVAIL_SOL;0.92;24.0;;;;;;;;;;;;;;;;;;;;;;
2020;175;beauce_5_sa_046;organique_beauce_5;orgeh;orgeH_tousSols_nonirr_organique;RECOLTE;0.67;0.0;5.26;;;;;;;;;;;;;0.0;4.29;1.91;;;;;;
2020;261;beauce_5_sa_046;organique_beauce_5;orgeh;orgeH_tousSols_nonirr_organique;SEMIS;0.86;6.0;;;;;;;;;;;;;;;;;;;;;;
2020;162;beauce_5_sa_046;organique_beauce_5;orgeh;orgeH_tousSols_nonirr_organique;FERTI;0.0;;;;;;;;;;;;;;;;;;;;;;;
2020;334;beauce_5_sa_046;organique_beauce_5;orgeh;orgeH_tousSols_nonirr_organique;FERTI;0.0;;;;;;;;;;;;;;;;;;;;;;;
2020;171;beauce_5_sa_047;organique_beauce_5;orgeh;orgeH_tousSols_nonirr_organique;RECOLTE;0.67;0.0;5.23;;;;;;;;;;;;;0.0;4.27;1.91;;;;;;
2020;280;beauce_5_sa_047;organique_beauce_5;orgeh;orgeH_tousSols_nonirr_organique;SEMIS;0.86;6.0;;;;;;;;;;;;;;;;;;;;;;
2020;250;beauce_5_sa_047;organique_beauce_5;orgeh;orgeH_tousSols_nonirr_organique;TRAVAIL_SOL;0.5;5.0;;;;;;;;;;;;;;;;;;;;;;
2020;181;beauce_5_sa_048;organique_beauce_5;orgeh;orgeH_tousSols_nonirr_organique;RECOLTE;0.67;0.0;5.14;;;;;;;;;;;;;0.0;4.2;1.91;;;;;;
2020;311;beauce_5_sa_048;organique_beauce_5;orgeh;orgeH_tousSols_nonirr_organique;SEMIS;0.86;6.0;;;;;;;;;;;;;;;;;;;;;;
2020;144;beauce_5_sa_048;organique_beauce_5;orgeh;orgeH_tousSols_nonirr_organique;FERTI;0.0;;;;;;;;;;;;;;;;;;;;;;;
2020;228;beauce_5_sa_049;organique_beauce_5;orgeh;orgeH_tousSols_nonirr_organique;RECOLTE;0.67;0.0;5.33;;;;;;;;;;;;;0.0;4.35;1.91;;;;;;
2020;314;beauce_5_sa_049;organique_beauce_5;orgeh;orgeH_tousSols_nonirr_organique;SEMIS;0.86;6.0;;;;;;;;;;;;;;;;;;;;;;
2020;303;beauce_5_sa_049;organique_beauce_5;orgeh;orgeH_tousSols_nonirr_organique;TRAVAIL_SOL;0.5;0.0;;;;;;;;;;;;;;;;;;;;;;
2020;202;beauce_5_sa_050;organique_beauce_5;orgeh;orgeH_tousSols_nonirr_organique;RECOLTE;0.67;0.0;5.27;;;;;;;;;;;;;0.0;4.3;1.91;;;;;;
2020;272;beauce_5_sa_050;organique_beauce_5;orgeh;orgeH_tousSols_nonirr_organique;SEMIS;0.86;6.0;;;;;;;;;;;;;;;;;;;;;;
2020;255;beauce_5_sa_050;organique_beauce_5;orgeh;orgeH_tousSols_nonirr_organique;TRAVAIL_SOL;0.5;0.0;;;;;;;;;;;;;;;;;;;;;;
2020;220;beauce_5_sa_051;organique_beauce_5;orgeh;orgeH_tousSols_nonirr_organique;RECOLTE;0.67;0.0;5.27;;;;;;;;;;;;;0.0;4.3;1.91;;;;;;
2020;275;beauce_5_sa_051;organique_beauce_5;orgeh;orgeH_tousSols_nonirr_organique;SEMIS;0.86;6.0;;;;;;;;;;;;;;;;;;;;;;
2020;74;beauce_5_sa_051;organique_beauce_5;orgeh;orgeH_tousSols_nonirr_organique;FERTI;0.0;;;;;;;;;;;;;;;;;;;;;;;
2020;153;beauce_5_sa_051;organique_beauce_5;orgeh;orgeH_tousSols_nonirr_organique;FERTI;0.0;;;;;;;;;;;;;;;;;;;;;;;
2020;232;beauce_5_sa_051;organique_beauce_5;orgeh;orgeH_tousSols_nonirr_organique;TRAVAIL_SOL;0.92;10.0;;;;;;;;;;;;;;;;;;;;;;
2020;207;beauce_5_sa_052;organique_beauce_5;orgeh;orgeH_tousSols_nonirr_organique;RECOLTE;0.67;0.0;5.25;;;;;;;;;;;;;0.0;4.28;1.91;;;;;;
2020;262;beauce_5_sa_052;organique_beauce_5;orgeh;orgeH_tousSols_nonirr_organique;SEMIS;0.86;6.0;;;;;;;;;;;;;;;;;;;;;;
2020;88;beauce_5_sa_052;organique_beauce_5;orgeh;orgeH_tousSols_nonirr_organique;FERTI;0.0;;;;;;;;;;;;;;;;;;;;;;;
2020;245;beauce_5_sa_052;organique_beauce_5;orgeh;orgeH_tousSols_nonirr_organique;TRAVAIL_SOL;0.92;10.0;;;;;;;;;;;;;;;;;;;;;;
2020;200;beauce_5_sa_053;organique_beauce_5;orgeh;orgeH_tousSols_nonirr_organique;RECOLTE;0.67;0.0;5.23;;;;;;;;;;;;;0.0;4.27;1.91;;;;;;
2020;258;beauce_5_sa_053;organique_beauce_5;orgeh;orgeH_tousSols_nonirr_organique;SEMIS;0.86;6.0;;;;;;;;;;;;;;;;;;;;;;
2020;165;beauce_5_sa_053;organique_beauce_5;orgeh;orgeH_tousSols_nonirr_organique;FERTI;0.0;;;;;;;;;;;;;;;;;;;;;;;
2020;166;beauce_5_sa_053;organique_beauce_5;orgeh;orgeH_tousSols_nonirr_organique;FERTI;0.0;;;;;;;;;;;;;;;;;;;;;;;
2020;246;beauce_5_sa_053;organique_beauce_5;orgeh;orgeH_tousSols_nonirr_organique;TRAVAIL_SOL;0.92;24.0;;;;;;;;;;;;;;;;;;;;;;
2020;228;beauce_5_sa_054;organique_beauce_5;orgeh;orgeH_tousSols_nonirr_organique;RECOLTE;0.67;0.0;5.27;;;;;;;;;;;;;0.0;4.3;1.91;;;;;;
2020;264;beauce_5_sa_054;organique_beauce_5;orgeh;orgeH_tousSols_nonirr_organique;SEMIS;0.86;6.0;;;;;;;;;;;;;;;;;;;;;;
2020;90;beauce_5_sa_054;organique_beauce_5;orgeh;orgeH_tousSols_nonirr_organique;FERTI;0.0;;;;;;;;;;;;;;;;;;;;;;;
2020;182;beauce_5_sa_055;organique_beauce_5;orgeh;orgeH_tousSols_nonirr_organique;RECOLTE;0.67;0.0;5.25;;;;;;;;;;;;;0.0;4.29;1.91;;;;;;
2020;262;beauce_5_sa_055;organique_beauce_5;orgeh;orgeH_tousSols_nonirr_organique;SEMIS;0.86;6.0;;;;;;;;;;;;;;;;;;;;;;
2020;122;beauce_5_sa_055;organique_beauce_5;orgeh;orgeH_tousSols_nonirr_organique;FERTI;0.0;;;;;;;;;;;;;;;;;;;;;;;
2020;144;beauce_5_sa_055;organique_beauce_5;orgeh;orgeH_tousSols_nonirr_organique;FERTI;0.0;;;;;;;;;;;;;;;;;;;;;;;
2020;164;beauce_5_sa_055;organique_beauce_5;orgeh;orgeH_tousSols_nonirr_organique;FERTI;0.0;;;;;;;;;;;;;;;;;;;;;;;
2020;179;beauce_5_sa_056;organique_beauce_5;orgeh;orgeH_tousSols_nonirr_organique;RECOLTE;0.67;0.0;5.28;;;;;;;;;;;;;0.0;4.31;1.91;;;;;;
2020;279;beauce_5_sa_056;organique_beauce_5;orgeh;orgeH_tousSols_nonirr_organique;SEMIS;0.86;6.0;;;;;;;;;;;;;;;;;;;;;;
2020;89;beauce_5_sa_056;organique_beauce_5;orgeh;orgeH_tousSols_nonirr_organique;FERTI;0.0;;;;;;;;;;;;;;;;;;;;;;;
2020;168;beauce_5_sa_056;organique_beauce_5;orgeh;orgeH_tousSols_nonirr_organique;FERTI;0.0;;;;;;;;;;;;;;;;;;;;;;;
2020;323;beauce_5_sa_056;organique_beauce_5;orgeh;orgeH_tousSols_nonirr_organique;FERTI;0.0;;;;;;;;;;;;;;;;;;;;;;;
2020;225;beauce_5_sa_057;organique_beauce_5;orgeh;orgeH_tousSols_nonirr_organique;RECOLTE;0.67;0.0;5.29;;;;;;;;;;;;;0.0;4.32;1.91;;;;;;
2020;299;beauce_5_sa_057;organique_beauce_5;orgeh;orgeH_tousSols_nonirr_organique;SEMIS;0.86;6.0;;;;;;;;;;;;;;;;;;;;;;
2020;151;beauce_5_sa_057;organique_beauce_5;orgeh;orgeH_tousSols_nonirr_organique;FERTI;0.0;;;;;;;;;;;;;;;;;;;;;;;
2020;177;beauce_5_sa_058;organique_beauce_5;orgeh;orgeH_tousSols_nonirr_organique;RECOLTE;0.67;0.0;5.3;;;;;;;;;;;;;0.0;4.33;1.91;;;;;;
2020;286;beauce_5_sa_058;organique_beauce_5;orgeh;orgeH_tousSols_nonirr_organique;SEMIS;0.86;6.0;;;;;;;;;;;;;;;;;;;;;;
2020;245;beauce_5_sa_058;organique_beauce_5;orgeh;orgeH_tousSols_nonirr_organique;TRAVAIL_SOL;0.92;24.0;;;;;;;;;;;;;;;;;;;;;;
2020;199;beauce_5_sa_059;organique_beauce_5;orgeh;orgeH_tousSols_nonirr_organique;RECOLTE;0.67;0.0;5.27;;;;;;;;;;;;;0.0;4.31;1.91;;;;;;
2020;282;beauce_5_sa_059;organique_beauce_5;orgeh;orgeH_tousSols_nonirr_organique;SEMIS;0.86;6.0;;;;;;;;;;;;;;;;;;;;;;
2020;64;beauce_5_sa_059;organique_beauce_5;orgeh;orgeH_tousSols_nonirr_organique;FERTI;0.0;;;;;;;;;;;;;;;;;;;;;;;
2020;247;beauce_5_sa_059;organique_beauce_5;orgeh;orgeH_tousSols_nonirr_organique;TRAVAIL_SOL;0.5;5.0;;;;;;;;;;;;;;;;;;;;;;
2020;220;beauce_5_sa_060;organique_beauce_5;orgeh;orgeH_tousSols_nonirr_organique;RECOLTE;0.67;0.0;5.29;;;;;;;;;;;;;0.0;4.32;1.91;;;;;;
2020;297;beauce_5_sa_060;organique_beauce_5;orgeh;orgeH_tousSols_nonirr_organique;SEMIS;0.86;6.0;;;;;;;;;;;;;;;;;;;;;;
2020;153;beauce_5_sa_060;organique_beauce_5;orgeh;orgeH_tousSols_nonirr_organique;FERTI;0.0;;;;;;;;;;;;;;;;;;;;;;;
2020;357;beauce_5_sa_060;organique_beauce_5;orgeh;orgeH_tousSols_nonirr_organique;FERTI;0.0;;;;;;;;;;;;;;;;;;;;;;;
2020;206;beauce_5_sa_061;organique_beauce_5;orgeh;orgeH_tousSols_nonirr_organique;RECOLTE;0.67;0.0;5.35;;;;;;;;;;;;;0.0;4.37;1.91;;;;;;
2020;316;beauce_5_sa_061;organique_beauce_5;orgeh;orgeH_tousSols_nonirr_organique;SEMIS;0.86;6.0;;;;;;;;;;;;;;;;;;;;;;
2020;279;beauce_5_sa_061;organique_beauce_5;orgeh;orgeH_tousSols_nonirr_organique;TRAVAIL_SOL;0.5;0.0;;;;;;;;;;;;;;;;;;;;;;
2020;210;beauce_5_sa_062;organique_beauce_5;orgeh;orgeH_tousSols_nonirr_organique;RECOLTE;0.67;0.0;5.34;;;;;;;;;;;;;0.0;4.36;1.91;;;;;;
2020;311;beauce_5_sa_062;organique_beauce_5;orgeh;orgeH_tousSols_nonirr_organique;SEMIS;0.86;6.0;;;;;;;;;;;;;;;;;;;;;;
2020;38;beauce_5_sa_062;organique_beauce_5;orgeh;orgeH_tousSols_nonirr_organique;FERTI;0.0;;;;;;;;;;;;;;;;;;;;;;;
2020;228;beauce_5_sa_063;organique_beauce_5;orgeh;orgeH_tousSols_nonirr_organique;RECOLTE;0.67;0.0;5.33;;;;;;;;;;;;;0.0;4.35;1.91;;;;;;
2020;315;beauce_5_sa_063;organique_beauce_5;orgeh;orgeH_tousSols_nonirr_organique;SEMIS;0.86;6.0;;;;;;;;;;;;;;;;;;;;;;
2020;126;beauce_5_sa_063;organique_beauce_5;orgeh;orgeH_tousSols_nonirr_organique;FERTI;0.0;;;;;;;;;;;;;;;;;;;;;;;
2020;127;beauce_5_sa_063;organique_beauce_5;orgeh;orgeH_tousSols_nonirr_organique;FERTI;0.0;;;;;;;;;;;;;;;;;;;;;;;
2020;334;beauce_5_sa_063;organique_beauce_5;orgeh;orgeH_tousSols_nonirr_organique;FERTI;0.0;;;;;;;;;;;;;;;;;;;;;;;
2020;170;beauce_5_sa_064;organique_beauce_5;orgeh;orgeH_tousSols_nonirr_organique;RECOLTE;0.67;0.0;5.27;;;;;;;;;;;;;0.0;4.3;1.91;;;;;;
2020;268;beauce_5_sa_064;organique_beauce_5;orgeh;orgeH_tousSols_nonirr_organique;SEMIS;0.86;6.0;;;;;;;;;;;;;;;;;;;;;;
2020;155;beauce_5_sa_064;organique_beauce_5;orgeh;orgeH_tousSols_nonirr_organique;FERTI;0.0;;;;;;;;;;;;;;;;;;;;;;;
2020;156;beauce_5_sa_064;organique_beauce_5;orgeh;orgeH_tousSols_nonirr_organique;FERTI;0.0;;;;;;;;;;;;;;;;;;;;;;;
2020;319;beauce_5_sa_064;organique_beauce_5;orgeh;orgeH_tousSols_nonirr_organique;FERTI;0.0;;;;;;;;;;;;;;;;;;;;;;;
2020;239;beauce_5_sa_064;organique_beauce_5;orgeh;orgeH_tousSols_nonirr_organique;TRAVAIL_SOL;0.5;10.0;;;;;;;;;;;;;;;;;;;;;;
2020;218;beauce_5_sa_065;organique_beauce_5;orgeh;orgeH_tousSols_nonirr_organique;RECOLTE;0.67;0.0;5.33;;;;;;;;;;;;;0.0;4.35;1.91;;;;;;
2020;301;beauce_5_sa_065;organique_beauce_5;orgeh;orgeH_tousSols_nonirr_organique;SEMIS;0.86;6.0;;;;;;;;;;;;;;;;;;;;;;
2020;281;beauce_5_sa_065;organique_beauce_5;orgeh;orgeH_tousSols_nonirr_organique;TRAVAIL_SOL;0.5;0.0;;;;;;;;;;;;;;;;;;;;;;
2020;216;beauce_5_sa_066;organique_beauce_5;orgeh;orgeH_tousSols_nonirr_organique;RECOLTE;0.67;0.0;5.28;;;;;;;;;;;;;0.0;4.32;1.91;;;;;;
2020;274;beauce_5_sa_066;organique_beauce_5;orgeh;orgeH_tousSols_nonirr_organique;SEMIS;0.86;6.0;;;;;;;;;;;;;;;;;;;;;;
2020;27;beauce_5_sa_066;organique_beauce_5;orgeh;orgeH_tousSols_nonirr_organique;FERTI;0.0;;;;;;;;;;;;;;;;;;;;;;;
2020;102;beauce_5_sa_066;organique_beauce_5;orgeh;orgeH_tousSols_nonirr_organique;FERTI;0.0;;;;;;;;;;;;;;;;;;;;;;;
2020;103;beauce_5_sa_066;organique_beauce_5;orgeh;orgeH_tousSols_nonirr_organique;FERTI;0.0;;;;;;;;;;;;;;;;;;;;;;;
2020;239;beauce_5_sa_066;organique_beauce_5;orgeh;orgeH_tousSols_nonirr_organique;TRAVAIL_SOL;0.5;10.0;;;;;;;;;;;;;;;;;;;;;;
2020;220;beauce_5_sa_067;organique_beauce_5;orgeh;orgeH_tousSols_nonirr_organique;RECOLTE;0.67;0.0;5.33;;;;;;;;;;;;;0.0;4.35;1.91;;;;;;
2020;313;beauce_5_sa_067;organique_beauce_5;orgeh;orgeH_tousSols_nonirr_organique;SEMIS;0.86;6.0;;;;;;;;;;;;;;;;;;;;;;
2020;151;beauce_5_sa_067;organique_beauce_5;orgeh;orgeH_tousSols_nonirr_organique;FERTI;0.0;;;;;;;;;;;;;;;;;;;;;;;
2020;350;beauce_5_sa_067;organique_beauce_5;orgeh;orgeH_tousSols_nonirr_organique;FERTI;0.0;;;;;;;;;;;;;;;;;;;;;;;
2020;227;beauce_5_sa_068;organique_beauce_5;orgeh;orgeH_tousSols_nonirr_organique;RECOLTE;0.67;0.0;5.33;;;;;;;;;;;;;0.0;4.35;1.91;;;;;;
2020;313;beauce_5_sa_068;organique_beauce_5;orgeh;orgeH_tousSols_nonirr_organique;SEMIS;0.86;6.0;;;;;;;;;;;;;;;;;;;;;;
2020;129;beauce_5_sa_068;organique_beauce_5;orgeh;orgeH_tousSols_nonirr_organique;FERTI;0.0;;;;;;;;;;;;;;;;;;;;;;;
2020;141;beauce_5_sa_068;organique_beauce_5;orgeh;orgeH_tousSols_nonirr_organique;FERTI;0.0;;;;;;;;;;;;;;;;;;;;;;;
2020;327;beauce_5_sa_068;organique_beauce_5;orgeh;orgeH_tousSols_nonirr_organique;FERTI;0.0;;;;;;;;;;;;;;;;;;;;;;;
2020;190;beauce_5_sa_069;organique_beauce_5;orgeh;orgeH_tousSols_nonirr_organique;RECOLTE;0.67;0.0;5.26;;;;;;;;;;;;;0.0;4.3;1.91;;;;;;
2020;270;beauce_5_sa_069;organique_beauce_5;orgeh;orgeH_tousSols_nonirr_organique;SEMIS;0.86;6.0;;;;;;;;;;;;;;;;;;;;;;
2020;1;beauce_5_sa_069;organique_beauce_5;orgeh;orgeH_tousSols_nonirr_organique;FERTI;0.0;;;;;;;;;;;;;;;;;;;;;;;
2020;129;beauce_5_sa_069;organique_beauce_5;orgeh;orgeH_tousSols_nonirr_organique;FERTI;0.0;;;;;;;;;;;;;;;;;;;;;;;
2020;136;beauce_5_sa_069;organique_beauce_5;orgeh;orgeH_tousSols_nonirr_organique;FERTI;0.0;;;;;;;;;;;;;;;;;;;;;;;
2020;230;beauce_5_sa_069;organique_beauce_5;orgeh;orgeH_tousSols_nonirr_organique;TRAVAIL_SOL;0.92;24.0;;;;;;;;;;;;;;;;;;;;;;
2020;205;beauce_5_sa_070;organique_beauce_5;orgeh;orgeH_tousSols_nonirr_organique;RECOLTE;0.67;0.0;5.26;;;;;;;;;;;;;0.0;4.29;1.91;;;;;;
2020;265;beauce_5_sa_070;organique_beauce_5;orgeh;orgeH_tousSols_nonirr_organique;SEMIS;0.86;6.0;;;;;;;;;;;;;;;;;;;;;;
2020;110;beauce_5_sa_070;organique_beauce_5;orgeh;orgeH_tousSols_nonirr_organique;FERTI;0.0;;;;;;;;;;;;;;;;;;;;;;;
2020;114;beauce_5_sa_070;organique_beauce_5;orgeh;orgeH_tousSols_nonirr_organique;FERTI;0.0;;;;;;;;;;;;;;;;;;;;;;;
2020;219;beauce_5_sa_071;organique_beauce_5;orgeh;orgeH_tousSols_nonirr_organique;RECOLTE;0.67;0.0;5.26;;;;;;;;;;;;;0.0;4.3;1.91;;;;;;
2020;273;beauce_5_sa_071;organique_beauce_5;orgeh;orgeH_tousSols_nonirr_organique;SEMIS;0.86;6.0;;;;;;;;;;;;;;;;;;;;;;
2020;85;beauce_5_sa_071;organique_beauce_5;orgeh;orgeH_tousSols_nonirr_organique;FERTI;0.0;;;;;;;;;;;;;;;;;;;;;;;
2020;110;beauce_5_sa_071;organique_beauce_5;orgeh;orgeH_tousSols_nonirr_organique;FERTI;0.0;;;;;;;;;;;;;;;;;;;;;;;
2020;227;beauce_5_sa_072;organique_beauce_5;orgeh;orgeH_tousSols_nonirr_organique;RECOLTE;0.67;0.0;5.33;;;;;;;;;;;;;0.0;4.35;1.91;;;;;;
2020;304;beauce_5_sa_072;organique_beauce_5;orgeh;orgeH_tousSols_nonirr_organique;SEMIS;0.86;6.0;;;;;;;;;;;;;;;;;;;;;;
2020;39;beauce_5_sa_072;organique_beauce_5;orgeh;orgeH_tousSols_nonirr_organique;FERTI;0.0;;;;;;;;;;;;;;;;;;;;;;;
2020;131;beauce_5_sa_072;organique_beauce_5;orgeh;orgeH_tousSols_nonirr_organique;FERTI;0.0;;;;;;;;;;;;;;;;;;;;;;;
2020;187;beauce_5_sa_073;organique_beauce_5;orgeh;orgeH_tousSols_nonirr_organique;RECOLTE;0.67;0.0;5.35;;;;;;;;;;;;;0.0;4.37;1.91;;;;;;
2020;307;beauce_5_sa_073;organique_beauce_5;orgeh;orgeH_tousSols_nonirr_organique;SEMIS;0.86;6.0;;;;;;;;;;;;;;;;;;;;;;
2020;166;beauce_5_sa_073;organique_beauce_5;orgeh;orgeH_tousSols_nonirr_organique;FERTI;0.0;;;;;;;;;;;;;;;;;;;;;;;
2020;279;beauce_5_sa_073;organique_beauce_5;orgeh;orgeH_tousSols_nonirr_organique;TRAVAIL_SOL;0.5;0.0;;;;;;;;;;;;;;;;;;;;;;
2020;210;beauce_5_sa_074;organique_beauce_5;orgeh;orgeH_tousSols_nonirr_organique;RECOLTE;0.67;0.0;5.3;;;;;;;;;;;;;0.0;4.33;1.91;;;;;;
2020;283;beauce_5_sa_074;organique_beauce_5;orgeh;orgeH_tousSols_nonirr_organique;SEMIS;0.86;6.0;;;;;;;;;;;;;;;;;;;;;;
2020;57;beauce_5_sa_074;organique_beauce_5;orgeh;orgeH_tousSols_nonirr_organique;FERTI;0.0;;;;;;;;;;;;;;;;;;;;;;;
2020;269;beauce_5_sa_074;organique_beauce_5;orgeh;orgeH_tousSols_nonirr_organique;TRAVAIL_SOL;0.92;10.0;;;;;;;;;;;;;;;;;;;;;;
2020;171;beauce_5_sa_075;organique_beauce_5;orgeh;orgeH_tousSols_nonirr_organique;RECOLTE;0.67;0.0;4.82;;;;;;;;;;;;;0.0;3.93;1.91;;;;;;
2020;318;beauce_5_sa_075;organique_beauce_5;orgeh;orgeH_tousSols_nonirr_organique;SEMIS;0.86;6.0;;;;;;;;;;;;;;;;;;;;;;
2020;226;beauce_5_sa_076;organique_beauce_5;orgeh;orgeH_tousSols_nonirr_organique;RECOLTE;0.67;0.0;5.24;;;;;;;;;;;;;0.0;4.28;1.91;;;;;;
2020;267;beauce_5_sa_076;organique_beauce_5;orgeh;orgeH_tousSols_nonirr_organique;SEMIS;0.86;6.0;;;;;;;;;;;;;;;;;;;;;;
2020;79;beauce_5_sa_076;organique_beauce_5;orgeh;orgeH_tousSols_nonirr_organique;FERTI;0.0;;;;;;;;;;;;;;;;;;;;;;;
2020;118;beauce_5_sa_076;organique_beauce_5;orgeh;orgeH_tousSols_nonirr_organique;FERTI;0.0;;;;;;;;;;;;;;;;;;;;;;;
2020;132;beauce_5_sa_076;organique_beauce_5;orgeh;orgeH_tousSols_nonirr_organique;FERTI;0.0;;;;;;;;;;;;;;;;;;;;;;;
2020;226;beauce_5_sa_077;organique_beauce_5;orgeh;orgeH_tousSols_nonirr_organique;RECOLTE;0.67;0.0;5.3;;;;;;;;;;;;;0.0;4.33;1.91;;;;;;
2020;270;beauce_5_sa_077;organique_beauce_5;orgeh;orgeH_tousSols_nonirr_organique;SEMIS;0.86;6.0;;;;;;;;;;;;;;;;;;;;;;
2020;125;beauce_5_sa_077;organique_beauce_5;orgeh;orgeH_tousSols_nonirr_organique;FERTI;0.0;;;;;;;;;;;;;;;;;;;;;;;
2020;126;beauce_5_sa_077;organique_beauce_5;orgeh;orgeH_tousSols_nonirr_organique;FERTI;0.0;;;;;;;;;;;;;;;;;;;;;;;
2020;193;beauce_5_sa_078;organique_beauce_5;orgeh;orgeH_tousSols_nonirr_organique;RECOLTE;0.67;0.0;5.37;;;;;;;;;;;;;0.0;4.39;1.91;;;;;;
2020;302;beauce_5_sa_078;organique_beauce_5;orgeh;orgeH_tousSols_nonirr_organique;SEMIS;0.86;6.0;;;;;;;;;;;;;;;;;;;;;;
2020;322;beauce_5_sa_078;organique_beauce_5;orgeh;orgeH_tousSols_nonirr_organique;FERTI;0.0;;;;;;;;;;;;;;;;;;;;;;;
2020;281;beauce_5_sa_078;organique_beauce_5;orgeh;orgeH_tousSols_nonirr_organique;TRAVAIL_SOL;0.92;10.0;;;;;;;;;;;;;;;;;;;;;;
2020;195;beauce_5_sa_079;organique_beauce_5;orgeh;orgeH_tousSols_nonirr_organique;RECOLTE;0.67;0.0;5.25;;;;;;;;;;;;;0.0;4.29;1.91;;;;;;
2020;273;beauce_5_sa_079;organique_beauce_5;orgeh;orgeH_tousSols_nonirr_organique;SEMIS;0.86;6.0;;;;;;;;;;;;;;;;;;;;;;
2020;247;beauce_5_sa_079;organique_beauce_5;orgeh;orgeH_tousSols_nonirr_organique;TRAVAIL_SOL;0.92;10.0;;;;;;;;;;;;;;;;;;;;;;
2020;201;beauce_5_sa_080;organique_beauce_5;orgeh;orgeH_tousSols_nonirr_organique;RECOLTE;0.67;0.0;5.24;;;;;;;;;;;;;0.0;4.28;1.91;;;;;;
2020;259;beauce_5_sa_080;organique_beauce_5;orgeh;orgeH_tousSols_nonirr_organique;SEMIS;0.86;6.0;;;;;;;;;;;;;;;;;;;;;;
2020;91;beauce_5_sa_080;organique_beauce_5;orgeh;orgeH_tousSols_nonirr_organique;FERTI;0.0;;;;;;;;;;;;;;;;;;;;;;;
2020;138;beauce_5_sa_080;organique_beauce_5;orgeh;orgeH_tousSols_nonirr_organique;FERTI;0.0;;;;;;;;;;;;;;;;;;;;;;;
2020;139;beauce_5_sa_080;organique_beauce_5;orgeh;orgeH_tousSols_nonirr_organique;FERTI;0.0;;;;;;;;;;;;;;;;;;;;;;;
2020;244;beauce_5_sa_080;organique_beauce_5;orgeh;orgeH_tousSols_nonirr_organique;TRAVAIL_SOL;0.92;10.0;;;;;;;;;;;;;;;;;;;;;;
2020;210;beauce_5_sa_081;organique_beauce_5;orgeh;orgeH_tousSols_nonirr_organique;RECOLTE;0.67;0.0;5.26;;;;;;;;;;;;;0.0;4.3;1.91;;;;;;
2020;279;beauce_5_sa_081;organique_beauce_5;orgeh;orgeH_tousSols_nonirr_organique;SEMIS;0.86;6.0;;;;;;;;;;;;;;;;;;;;;;
2020;267;beauce_5_sa_081;organique_beauce_5;orgeh;orgeH_tousSols_nonirr_organique;TRAVAIL_SOL;0.5;0.0;;;;;;;;;;;;;;;;;;;;;;
2020;203;beauce_5_sa_082;organique_beauce_5;orgeh;orgeH_tousSols_nonirr_organique;RECOLTE;0.67;0.0;5.24;;;;;;;;;;;;;0.0;4.28;1.91;;;;;;
2020;259;beauce_5_sa_082;organique_beauce_5;orgeh;orgeH_tousSols_nonirr_organique;SEMIS;0.86;6.0;;;;;;;;;;;;;;;;;;;;;;
2020;48;beauce_5_sa_082;organique_beauce_5;orgeh;orgeH_tousSols_nonirr_organique;FERTI;0.0;;;;;;;;;;;;;;;;;;;;;;;
2020;108;beauce_5_sa_082;organique_beauce_5;orgeh;orgeH_tousSols_nonirr_organique;FERTI;0.0;;;;;;;;;;;;;;;;;;;;;;;
2020;240;beauce_5_sa_082;organique_beauce_5;orgeh;orgeH_tousSols_nonirr_organique;TRAVAIL_SOL;0.92;24.0;;;;;;;;;;;;;;;;;;;;;;
2020;231;beauce_5_sa_083;organique_beauce_5;orgeh;orgeH_tousSols_nonirr_organique;RECOLTE;0.67;0.0;5.29;;;;;;;;;;;;;0.0;4.32;1.91;;;;;;
2020;297;beauce_5_sa_083;organique_beauce_5;orgeh;orgeH_tousSols_nonirr_organique;SEMIS;0.86;6.0;;;;;;;;;;;;;;;;;;;;;;
2020;148;beauce_5_sa_083;organique_beauce_5;orgeh;orgeH_tousSols_nonirr_organique;FERTI;0.0;;;;;;;;;;;;;;;;;;;;;;;
2020;149;beauce_5_sa_083;organique_beauce_5;orgeh;orgeH_tousSols_nonirr_organique;FERTI;0.0;;;;;;;;;;;;;;;;;;;;;;;
2020;215;beauce_5_sa_084;organique_beauce_5;orgeh;orgeH_tousSols_nonirr_organique;RECOLTE;0.67;0.0;5.27;;;;;;;;;;;;;0.0;4.3;1.91;;;;;;
2020;277;beauce_5_sa_084;organique_beauce_5;orgeh;orgeH_tousSols_nonirr_organique;SEMIS;0.86;6.0;;;;;;;;;;;;;;;;;;;;;;
2020;35;beauce_5_sa_084;organique_beauce_5;orgeh;orgeH_tousSols_nonirr_organique;FERTI;0.0;;;;;;;;;;;;;;;;;;;;;;;
2020;169;beauce_5_sa_084;organique_beauce_5;orgeh;orgeH_tousSols_nonirr_organique;FERTI;0.0;;;;;;;;;;;;;;;;;;;;;;;
2020;170;beauce_5_sa_084;organique_beauce_5;orgeh;orgeH_tousSols_nonirr_organique;FERTI;0.0;;;;;;;;;;;;;;;;;;;;;;;
2020;227;beauce_5_sa_085;organique_beauce_5;orgeh;orgeH_tousSols_nonirr_organique;RECOLTE;0.67;0.0;5.31;;;;;;;;;;;;;0.0;4.34;1.91;;;;;;
2020;299;beauce_5_sa_085;organique_beauce_5;orgeh;orgeH_tousSols_nonirr_organique;SEMIS;0.86;6.0;;;;;;;;;;;;;;;;;;;;;;
2020;144;beauce_5_sa_085;organique_beauce_5;orgeh;orgeH_tousSols_nonirr_organique;FERTI;0.0;;;;;;;;;;;;;;;;;;;;;;;
2020;153;beauce_5_sa_085;organique_beauce_5;orgeh;orgeH_tousSols_nonirr_organique;FERTI;0.0;;;;;;;;;;;;;;;;;;;;;;;
2020;154;beauce_5_sa_085;organique_beauce_5;orgeh;orgeH_tousSols_nonirr_organique;FERTI;0.0;;;;;;;;;;;;;;;;;;;;;;;
2020;288;beauce_5_sa_085;organique_beauce_5;orgeh;orgeH_tousSols_nonirr_organique;TRAVAIL_SOL;0.5;0.0;;;;;;;;;;;;;;;;;;;;;;
2020;178;beauce_5_sa_086;organique_beauce_5;orgeh;orgeH_tousSols_nonirr_organique;RECOLTE;0.67;0.0;5.32;;;;;;;;;;;;;0.0;4.34;1.91;;;;;;
2020;286;beauce_5_sa_086;organique_beauce_5;orgeh;orgeH_tousSols_nonirr_organique;SEMIS;0.86;6.0;;;;;;;;;;;;;;;;;;;;;;
2020;89;beauce_5_sa_086;organique_beauce_5;orgeh;orgeH_tousSols_nonirr_organique;FERTI;0.0;;;;;;;;;;;;;;;;;;;;;;;
2020;113;beauce_5_sa_086;organique_beauce_5;orgeh;orgeH_tousSols_nonirr_organique;FERTI;0.0;;;;;;;;;;;;;;;;;;;;;;;
2020;280;beauce_5_sa_086;organique_beauce_5;orgeh;orgeH_tousSols_nonirr_organique;TRAVAIL_SOL;0.92;10.0;;;;;;;;;;;;;;;;;;;;;;
2020;220;beauce_5_sa_087;organique_beauce_5;orgeh;orgeH_tousSols_nonirr_organique;RECOLTE;0.67;0.0;5.25;;;;;;;;;;;;;0.0;4.29;1.91;;;;;;
2020;262;beauce_5_sa_087;organique_beauce_5;orgeh;orgeH_tousSols_nonirr_organique;SEMIS;0.86;6.0;;;;;;;;;;;;;;;;;;;;;;
2020;155;beauce_5_sa_087;organique_beauce_5;orgeh;orgeH_tousSols_nonirr_organique;FERTI;0.0;;;;;;;;;;;;;;;;;;;;;;;
2020;161;beauce_5_sa_087;organique_beauce_5;orgeh;orgeH_tousSols_nonirr_organique;FERTI;0.0;;;;;;;;;;;;;;;;;;;;;;;
2020;162;beauce_5_sa_087;organique_beauce_5;orgeh;orgeH_tousSols_nonirr_organique;FERTI;0.0;;;;;;;;;;;;;;;;;;;;;;;
2020;215;beauce_5_sa_088;organique_beauce_5;orgeh;orgeH_tousSols_nonirr_organique;RECOLTE;0.67;0.0;5.28;;;;;;;;;;;;;0.0;4.31;1.91;;;;;;
2020;274;beauce_5_sa_088;organique_beauce_5;orgeh;orgeH_tousSols_nonirr_organique;SEMIS;0.86;6.0;;;;;;;;;;;;;;;;;;;;;;
2020;258;beauce_5_sa_088;organique_beauce_5;orgeh;orgeH_tousSols_nonirr_organique;TRAVAIL_SOL;0.5;0.0;;;;;;;;;;;;;;;;;;;;;;
2020;181;beauce_5_sa_089;organique_beauce_5;orgeh;orgeH_tousSols_nonirr_organique;RECOLTE;0.67;0.0;5.3;;;;;;;;;;;;;0.0;4.33;1.91;;;;;;
2020;278;beauce_5_sa_089;organique_beauce_5;orgeh;orgeH_tousSols_nonirr_organique;SEMIS;0.86;6.0;;;;;;;;;;;;;;;;;;;;;;
2020;68;beauce_5_sa_089;organique_beauce_5;orgeh;orgeH_tousSols_nonirr_organique;FERTI;0.0;;;;;;;;;;;;;;;;;;;;;;;
2020;93;beauce_5_sa_089;organique_beauce_5;orgeh;orgeH_tousSols_nonirr_organique;FERTI;0.0;;;;;;;;;;;;;;;;;;;;;;;
2020;345;beauce_5_sa_089;organique_beauce_5;orgeh;orgeH_tousSols_nonirr_organique;FERTI;0.0;;;;;;;;;;;;;;;;;;;;;;;
2020;182;beauce_5_sa_090;organique_beauce_5;orgeh;orgeH_tousSols_nonirr_organique;RECOLTE;0.67;0.0;5.25;;;;;;;;;;;;;0.0;4.29;1.91;;;;;;
2020;297;beauce_5_sa_090;organique_beauce_5;orgeh;orgeH_tousSols_nonirr_organique;SEMIS;0.86;6.0;;;;;;;;;;;;;;;;;;;;;;
2020;34;beauce_5_sa_090;organique_beauce_5;orgeh;orgeH_tousSols_nonirr_organique;FERTI;0.0;;;;;;;;;;;;;;;;;;;;;;;
2020;281;beauce_5_sa_090;organique_beauce_5;orgeh;orgeH_tousSols_nonirr_organique;TRAVAIL_SOL;0.5;0.0;;;;;;;;;;;;;;;;;;;;;;
2020;210;beauce_5_sa_091;organique_beauce_5;orgeh;orgeH_tousSols_nonirr_organique;RECOLTE;0.67;0.0;5.34;;;;;;;;;;;;;0.0;4.36;1.91;;;;;;
2020;311;beauce_5_sa_091;organique_beauce_5;orgeh;orgeH_tousSols_nonirr_organique;SEMIS;0.86;6.0;;;;;;;;;;;;;;;;;;;;;;
2020;153;beauce_5_sa_091;organique_beauce_5;orgeh;orgeH_tousSols_nonirr_organique;FERTI;0.0;;;;;;;;;;;;;;;;;;;;;;;
2020;197;beauce_5_sa_092;organique_beauce_5;orgeh;orgeH_tousSols_nonirr_organique;RECOLTE;0.67;0.0;5.3;;;;;;;;;;;;;0.0;4.33;1.91;;;;;;
2020;290;beauce_5_sa_092;organique_beauce_5;orgeh;orgeH_tousSols_nonirr_organique;SEMIS;0.86;6.0;;;;;;;;;;;;;;;;;;;;;;
2020;63;beauce_5_sa_092;organique_beauce_5;orgeh;orgeH_tousSols_nonirr_organique;FERTI;0.0;;;;;;;;;;;;;;;;;;;;;;;
2020;198;beauce_5_sa_093;organique_beauce_5;orgeh;orgeH_tousSols_nonirr_organique;RECOLTE;0.67;0.0;5.35;;;;;;;;;;;;;0.0;4.37;1.91;;;;;;
2020;306;beauce_5_sa_093;organique_beauce_5;orgeh;orgeH_tousSols_nonirr_organique;SEMIS;0.86;6.0;;;;;;;;;;;;;;;;;;;;;;
2020;184;beauce_5_sa_094;organique_beauce_5;orgeh;orgeH_tousSols_nonirr_organique;RECOLTE;0.67;0.0;5.33;;;;;;;;;;;;;0.0;4.35;1.91;;;;;;
2020;302;beauce_5_sa_094;organique_beauce_5;orgeh;orgeH_tousSols_nonirr_organique;SEMIS;0.86;6.0;;;;;;;;;;;;;;;;;;;;;;
2020;96;beauce_5_sa_094;organique_beauce_5;orgeh;orgeH_tousSols_nonirr_organique;FERTI;0.0;;;;;;;;;;;;;;;;;;;;;;;
2020;141;beauce_5_sa_094;organique_beauce_5;orgeh;orgeH_tousSols_nonirr_organique;FERTI;0.0;;;;;;;;;;;;;;;;;;;;;;;
2020;183;beauce_5_sa_095;organique_beauce_5;orgeh;orgeH_tousSols_nonirr_organique;RECOLTE;0.67;0.0;5.25;;;;;;;;;;;;;0.0;4.28;1.91;;;;;;
2020;259;beauce_5_sa_095;organique_beauce_5;orgeh;orgeH_tousSols_nonirr_organique;SEMIS;0.86;6.0;;;;;;;;;;;;;;;;;;;;;;
2020;183;beauce_5_sa_096;organique_beauce_5;orgeh;orgeH_tousSols_nonirr_organique;RECOLTE;0.67;0.0;5.3;;;;;;;;;;;;;0.0;4.33;1.91;;;;;;
2020;294;beauce_5_sa_096;organique_beauce_5;orgeh;orgeH_tousSols_nonirr_organique;SEMIS;0.86;6.0;;;;;;;;;;;;;;;;;;;;;;
2020;270;beauce_5_sa_096;organique_beauce_5;orgeh;orgeH_tousSols_nonirr_organique;TRAVAIL_SOL;0.5;0.0;;;;;;;;;;;;;;;;;;;;;;
2020;215;beauce_5_sa_097;organique_beauce_5;orgeh;orgeH_tousSols_nonirr_organique;RECOLTE;0.67;0.0;5.33;;;;;;;;;;;;;0.0;4.36;1.91;;;;;;
2020;303;beauce_5_sa_097;organique_beauce_5;orgeh;orgeH_tousSols_nonirr_organique;SEMIS;0.86;6.0;;;;;;;;;;;;;;;;;;;;;;
2020;95;beauce_5_sa_097;organique_beauce_5;orgeh;orgeH_tousSols_nonirr_organique;FERTI;0.0;;;;;;;;;;;;;;;;;;;;;;;
2020;96;beauce_5_sa_097;organique_beauce_5;orgeh;orgeH_tousSols_nonirr_organique;FERTI;0.0;;;;;;;;;;;;;;;;;;;;;;;
2020;349;beauce_5_sa_097;organique_beauce_5;orgeh;orgeH_tousSols_nonirr_organique;FERTI;0.0;;;;;;;;;;;;;;;;;;;;;;;
2020;177;beauce_5_sa_098;organique_beauce_5;orgeh;orgeH_tousSols_nonirr_organique;RECOLTE;0.67;0.0;5.03;;;;;;;;;;;;;0.0;4.11;1.91;;;;;;
2020;318;beauce_5_sa_098;organique_beauce_5;orgeh;orgeH_tousSols_nonirr_organique;SEMIS;0.86;6.0;;;;;;;;;;;;;;;;;;;;;;
2020;122;beauce_5_sa_098;organique_beauce_5;orgeh;orgeH_tousSols_nonirr_organique;FERTI;0.0;;;;;;;;;;;;;;;;;;;;;;;
2020;123;beauce_5_sa_098;organique_beauce_5;orgeh;orgeH_tousSols_nonirr_organique;FERTI;0.0;;;;;;;;;;;;;;;;;;;;;;;
2020;124;beauce_5_sa_098;organique_beauce_5;orgeh;orgeH_tousSols_nonirr_organique;FERTI;0.0;;;;;;;;;;;;;;;;;;;;;;;
2020;278;beauce_5_sa_098;organique_beauce_5;orgeh;orgeH_tousSols_nonirr_organique;TRAVAIL_SOL;0.5;0.0;;;;;;;;;;;;;;;;;;;;;;
2020;228;beauce_5_sa_099;organique_beauce_5;orgeh;orgeH_tousSols_nonirr_organique;RECOLTE;0.67;0.0;5.31;;;;;;;;;;;;;0.0;4.33;1.91;;;;;;
2020;283;beauce_5_sa_099;organique_beauce_5;orgeh;orgeH_tousSols_nonirr_organique;SEMIS;0.86;6.0;;;;;;;;;;;;;;;;;;;;;;
2020;38;beauce_5_sa_099;organique_beauce_5;orgeh;orgeH_tousSols_nonirr_organique;FERTI;0.0;;;;;;;;;;;;;;;;;;;;;;;
2020;91;beauce_5_sa_099;organique_beauce_5;orgeh;orgeH_tousSols_nonirr_organique;FERTI;0.0;;;;;;;;;;;;;;;;;;;;;;;
2020;101;beauce_5_sa_099;organique_beauce_5;orgeh;orgeH_tousSols_nonirr_organique;FERTI;0.0;;;;;;;;;;;;;;;;;;;;;;;
2021;225;beauce_5_sa_000;organique_beauce_5;orgeh;orgeH_tousSols_nonirr_organique;RECOLTE;0.67;0.0;4.08;;;;;;;;;;;;;0.0;3.33;1.91;;;;;;
2021;290;beauce_5_sa_000;organique_beauce_5;orgeh;orgeH_tousSols_nonirr_organique;SEMIS;0.86;6.0;;;;;;;;;;;;;;;;;;;;;;
2021;248;beauce_5_sa_000;organique_beauce_5;orgeh;orgeH_tousSols_nonirr_organique;TRAVAIL_SOL;0.92;24.0;;;;;;;;;;;;;;;;;;;;;;
2021;222;beauce_5_sa_001;organique_beauce_5;orgeh;orgeH_tousSols_nonirr_organique;RECOLTE;0.67;0.0;3.64;;;;;;;;;;;;;0.0;2.97;1.91;;;;;;
2021;281;beauce_5_sa_001;organique_beauce_5;orgeh;orgeH_tousSols_nonirr_organique;SEMIS;0.86;6.0;;;;;;;;;;;;;;;;;;;;;;
2021;50;beauce_5_sa_001;organique_beauce_5;orgeh;orgeH_tousSols_nonirr_organique;FERTI;0.0;;;;;;;;;;;;;;;;;;;;;;;
2021;203;beauce_5_sa_002;organique_beauce_5;orgeh;orgeH_tousSols_nonirr_organique;RECOLTE;0.67;0.0;4.04;;;;;;;;;;;;;0.0;3.3;1.91;;;;;;
2021;293;beauce_5_sa_002;organique_beauce_5;orgeh;orgeH_tousSols_nonirr_organique;SEMIS;0.86;6.0;;;;;;;;;;;;;;;;;;;;;;
2021;53;beauce_5_sa_002;organique_beauce_5;orgeh;orgeH_tousSols_nonirr_organique;FERTI;0.0;;;;;;;;;;;;;;;;;;;;;;;
2021;107;beauce_5_sa_002;organique_beauce_5;orgeh;orgeH_tousSols_nonirr_organique;FERTI;0.0;;;;;;;;;;;;;;;;;;;;;;;
2021;260;beauce_5_sa_002;organique_beauce_5;orgeh;orgeH_tousSols_nonirr_organique;TRAVAIL_SOL;0.5;0.0;;;;;;;;;;;;;;;;;;;;;;
2021;202;beauce_5_sa_003;organique_beauce_5;orgeh;orgeH_tousSols_nonirr_organique;RECOLTE;0.67;0.0;4.11;;;;;;;;;;;;;0.0;3.36;1.91;;;;;;
2021;284;beauce_5_sa_003;organique_beauce_5;orgeh;orgeH_tousSols_nonirr_organique;SEMIS;0.86;6.0;;;;;;;;;;;;;;;;;;;;;;
2021;93;beauce_5_sa_003;organique_beauce_5;orgeh;orgeH_tousSols_nonirr_organique;FERTI;0.0;;;;;;;;;;;;;;;;;;;;;;;
2021;244;beauce_5_sa_003;organique_beauce_5;orgeh;orgeH_tousSols_nonirr_organique;TRAVAIL_SOL;0.92;24.0;;;;;;;;;;;;;;;;;;;;;;
2021;198;beauce_5_sa_004;organique_beauce_5;orgeh;orgeH_tousSols_nonirr_organique;RECOLTE;0.67;0.0;3.81;;;;;;;;;;;;;0.0;3.11;1.91;;;;;;
2021;263;beauce_5_sa_004;organique_beauce_5;orgeh;orgeH_tousSols_nonirr_organique;SEMIS;0.86;6.0;;;;;;;;;;;;;;;;;;;;;;
2021;351;beauce_5_sa_004;organique_beauce_5;orgeh;orgeH_tousSols_nonirr_organique;FERTI;0.0;;;;;;;;;;;;;;;;;;;;;;;
2021;191;beauce_5_sa_005;organique_beauce_5;orgeh;orgeH_tousSols_nonirr_organique;RECOLTE;0.67;0.0;3.51;;;;;;;;;;;;;0.0;2.87;1.91;;;;;;
2021;305;beauce_5_sa_005;organique_beauce_5;orgeh;orgeH_tousSols_nonirr_organique;SEMIS;0.86;6.0;;;;;;;;;;;;;;;;;;;;;;
2021;112;beauce_5_sa_005;organique_beauce_5;orgeh;orgeH_tousSols_nonirr_organique;FERTI;0.0;;;;;;;;;;;;;;;;;;;;;;;
2021;140;beauce_5_sa_005;organique_beauce_5;orgeh;orgeH_tousSols_nonirr_organique;FERTI;0.0;;;;;;;;;;;;;;;;;;;;;;;
2021;344;beauce_5_sa_005;organique_beauce_5;orgeh;orgeH_tousSols_nonirr_organique;FERTI;0.0;;;;;;;;;;;;;;;;;;;;;;;
2021;171;beauce_5_sa_006;organique_beauce_5;orgeh;orgeH_tousSols_nonirr_organique;RECOLTE;0.67;0.0;3.42;;;;;;;;;;;;;0.0;2.79;1.91;;;;;;
2021;278;beauce_5_sa_006;organique_beauce_5;orgeh;orgeH_tousSols_nonirr_organique;SEMIS;0.86;6.0;;;;;;;;;;;;;;;;;;;;;;
2021;21;beauce_5_sa_006;organique_beauce_5;orgeh;orgeH_tousSols_nonirr_organique;FERTI;0.0;;;;;;;;;;;;;;;;;;;;;;;
2021;156;beauce_5_sa_006;organique_beauce_5;orgeh;orgeH_tousSols_nonirr_organique;FERTI;0.0;;;;;;;;;;;;;;;;;;;;;;;
2021;157;beauce_5_sa_006;organique_beauce_5;orgeh;orgeH_tousSols_nonirr_organique;FERTI;0.0;;;;;;;;;;;;;;;;;;;;;;;
2021;177;beauce_5_sa_007;organique_beauce_5;orgeh;orgeH_tousSols_nonirr_organique;RECOLTE;0.67;0.0;3.36;;;;;;;;;;;;;0.0;2.74;1.91;;;;;;
2021;286;beauce_5_sa_007;organique_beauce_5;orgeh;orgeH_tousSols_nonirr_organique;SEMIS;0.86;6.0;;;;;;;;;;;;;;;;;;;;;;
2021;206;beauce_5_sa_008;organique_beauce_5;orgeh;orgeH_tousSols_nonirr_organique;RECOLTE;0.67;0.0;3.54;;;;;;;;;;;;;0.0;2.89;1.91;;;;;;
2021;318;beauce_5_sa_008;organique_beauce_5;orgeh;orgeH_tousSols_nonirr_organique;SEMIS;0.86;6.0;;;;;;;;;;;;;;;;;;;;;;
2021;214;beauce_5_sa_009;organique_beauce_5;orgeh;orgeH_tousSols_nonirr_organique;RECOLTE;0.67;0.0;4.0;;;;;;;;;;;;;0.0;3.27;1.91;;;;;;
2021;303;beauce_5_sa_009;organique_beauce_5;orgeh;orgeH_tousSols_nonirr_organique;SEMIS;0.86;6.0;;;;;;;;;;;;;;;;;;;;;;
2021;264;beauce_5_sa_009;organique_beauce_5;orgeh;orgeH_tousSols_nonirr_organique;TRAVAIL_SOL;0.92;10.0;;;;;;;;;;;;;;;;;;;;;;
2021;219;beauce_5_sa_010;organique_beauce_5;orgeh;orgeH_tousSols_nonirr_organique;RECOLTE;0.67;0.0;3.6;;;;;;;;;;;;;0.0;2.94;1.91;;;;;;
2021;300;beauce_5_sa_010;organique_beauce_5;orgeh;orgeH_tousSols_nonirr_organique;SEMIS;0.86;6.0;;;;;;;;;;;;;;;;;;;;;;
2021;295;beauce_5_sa_010;organique_beauce_5;orgeh;orgeH_tousSols_nonirr_organique;TRAVAIL_SOL;0.92;24.0;;;;;;;;;;;;;;;;;;;;;;
2021;179;beauce_5_sa_011;organique_beauce_5;orgeh;orgeH_tousSols_nonirr_organique;RECOLTE;0.67;0.0;3.31;;;;;;;;;;;;;0.0;2.7;1.91;;;;;;
2021;311;beauce_5_sa_011;organique_beauce_5;orgeh;orgeH_tousSols_nonirr_organique;SEMIS;0.86;6.0;;;;;;;;;;;;;;;;;;;;;;
2021;64;beauce_5_sa_011;organique_beauce_5;orgeh;orgeH_tousSols_nonirr_organique;FERTI;0.0;;;;;;;;;;;;;;;;;;;;;;;
2021;197;beauce_5_sa_012;organique_beauce_5;orgeh;orgeH_tousSols_nonirr_organique;RECOLTE;0.67;0.0;3.61;;;;;;;;;;;;;0.0;2.95;1.91;;;;;;
2021;306;beauce_5_sa_012;organique_beauce_5;orgeh;orgeH_tousSols_nonirr_organique;SEMIS;0.86;6.0;;;;;;;;;;;;;;;;;;;;;;
2021;157;beauce_5_sa_012;organique_beauce_5;orgeh;orgeH_tousSols_nonirr_organique;FERTI;0.0;;;;;;;;;;;;;;;;;;;;;;;
2021;185;beauce_5_sa_013;organique_beauce_5;orgeh;orgeH_tousSols_nonirr_organique;RECOLTE;0.67;0.0;4.17;;;;;;;;;;;;;0.0;3.41;1.91;;;;;;
2021;274;beauce_5_sa_013;organique_beauce_5;orgeh;orgeH_tousSols_nonirr_organique;SEMIS;0.86;6.0;;;;;;;;;;;;;;;;;;;;;;
2021;235;beauce_5_sa_013;organique_beauce_5;orgeh;orgeH_tousSols_nonirr_organique;TRAVAIL_SOL;0.92;10.0;;;;;;;;;;;;;;;;;;;;;;
2021;188;beauce_5_sa_014;organique_beauce_5;orgeh;orgeH_tousSols_nonirr_organique;RECOLTE;0.67;0.0;4.34;;;;;;;;;;;;;0.0;3.55;1.91;;;;;;
2021;275;beauce_5_sa_014;organique_beauce_5;orgeh;orgeH_tousSols_nonirr_organique;SEMIS;0.86;6.0;;;;;;;;;;;;;;;;;;;;;;
2021;29;beauce_5_sa_014;organique_beauce_5;orgeh;orgeH_tousSols_nonirr_organique;FERTI;0.0;;;;;;;;;;;;;;;;;;;;;;;
2021;118;beauce_5_sa_014;organique_beauce_5;orgeh;orgeH_tousSols_nonirr_organique;FERTI;0.0;;;;;;;;;;;;;;;;;;;;;;;
2021;232;beauce_5_sa_014;organique_beauce_5;orgeh;orgeH_tousSols_nonirr_organique;TRAVAIL_SOL;0.5;10.0;;;;;;;;;;;;;;;;;;;;;;
2021;176;beauce_5_sa_015;organique_beauce_5;orgeh;orgeH_tousSols_nonirr_organique;RECOLTE;0.67;0.0;3.88;;;;;;;;;;;;;0.0;3.17;1.91;;;;;;
2021;273;beauce_5_sa_015;organique_beauce_5;orgeh;orgeH_tousSols_nonirr_organique;SEMIS;0.86;6.0;;;;;;;;;;;;;;;;;;;;;;
2021;257;beauce_5_sa_015;organique_beauce_5;orgeh;orgeH_tousSols_nonirr_organique;TRAVAIL_SOL;0.92;10.0;;;;;;;;;;;;;;;;;;;;;;
2021;187;beauce_5_sa_016;organique_beauce_5;orgeh;orgeH_tousSols_nonirr_organique;RECOLTE;0.67;0.0;3.99;;;;;;;;;;;;;0.0;3.26;1.91;;;;;;
2021;261;beauce_5_sa_016;organique_beauce_5;orgeh;orgeH_tousSols_nonirr_organique;SEMIS;0.86;6.0;;;;;;;;;;;;;;;;;;;;;;
2021;44;beauce_5_sa_016;organique_beauce_5;orgeh;orgeH_tousSols_nonirr_organique;FERTI;0.0;;;;;;;;;;;;;;;;;;;;;;;
2021;76;beauce_5_sa_016;organique_beauce_5;orgeh;orgeH_tousSols_nonirr_organique;FERTI;0.0;;;;;;;;;;;;;;;;;;;;;;;
2021;244;beauce_5_sa_016;organique_beauce_5;orgeh;orgeH_tousSols_nonirr_organique;TRAVAIL_SOL;0.92;10.0;;;;;;;;;;;;;;;;;;;;;;
2021;172;beauce_5_sa_017;organique_beauce_5;orgeh;orgeH_tousSols_nonirr_organique;RECOLTE;0.67;0.0;3.63;;;;;;;;;;;;;0.0;2.97;1.91;;;;;;
2021;285;beauce_5_sa_017;organique_beauce_5;orgeh;orgeH_tousSols_nonirr_organique;SEMIS;0.86;6.0;;;;;;;;;;;;;;;;;;;;;;
2021;61;beauce_5_sa_017;organique_beauce_5;orgeh;orgeH_tousSols_nonirr_organique;FERTI;0.0;;;;;;;;;;;;;;;;;;;;;;;
2021;364;beauce_5_sa_017;organique_beauce_5;orgeh;orgeH_tousSols_nonirr_organique;FERTI;0.0;;;;;;;;;;;;;;;;;;;;;;;
2021;265;beauce_5_sa_017;organique_beauce_5;orgeh;orgeH_tousSols_nonirr_organique;TRAVAIL_SOL;0.92;10.0;;;;;;;;;;;;;;;;;;;;;;
2021;222;beauce_5_sa_018;organique_beauce_5;orgeh;orgeH_tousSols_nonirr_organique;RECOLTE;0.67;0.0;3.98;;;;;;;;;;;;;0.0;3.25;1.91;;;;;;
2021;310;beauce_5_sa_018;organique_beauce_5;orgeh;orgeH_tousSols_nonirr_organique;SEMIS;0.86;6.0;;;;;;;;;;;;;;;;;;;;;;
2021;269;beauce_5_sa_018;organique_beauce_5;orgeh;orgeH_tousSols_nonirr_organique;TRAVAIL_SOL;0.92;24.0;;;;;;;;;;;;;;;;;;;;;;
2021;206;beauce_5_sa_019;organique_beauce_5;orgeh;orgeH_tousSols_nonirr_organique;RECOLTE;0.67;0.0;3.59;;;;;;;;;;;;;0.0;2.93;1.91;;;;;;
2021;306;beauce_5_sa_019;organique_beauce_5;orgeh;orgeH_tousSols_nonirr_organique;SEMIS;0.86;6.0;;;;;;;;;;;;;;;;;;;;;;
2021;341;beauce_5_sa_019;organique_beauce_5;orgeh;orgeH_tousSols_nonirr_organique;FERTI;0.0;;;;;;;;;;;;;;;;;;;;;;;
2021;200;beauce_5_sa_020;organique_beauce_5;orgeh;orgeH_tousSols_nonirr_organique;RECOLTE;0.67;0.0;3.96;;;;;;;;;;;;;0.0;3.23;1.91;;;;;;
2021;308;beauce_5_sa_020;organique_beauce_5;orgeh;orgeH_tousSols_nonirr_organique;SEMIS;0.86;6.0;;;;;;;;;;;;;;;;;;;;;;
2021;31;beauce_5_sa_020;organique_beauce_5;orgeh;orgeH_tousSols_nonirr_organique;FERTI;0.0;;;;;;;;;;;;;;;;;;;;;;;
2021;270;beauce_5_sa_020;organique_beauce_5;orgeh;orgeH_tousSols_nonirr_organique;TRAVAIL_SOL;0.5;0.0;;;;;;;;;;;;;;;;;;;;;;
2021;195;beauce_5_sa_021;organique_beauce_5;orgeh;orgeH_tousSols_nonirr_organique;RECOLTE;0.67;0.0;4.03;;;;;;;;;;;;;0.0;3.29;1.91;;;;;;
2021;258;beauce_5_sa_021;organique_beauce_5;orgeh;orgeH_tousSols_nonirr_organique;SEMIS;0.86;6.0;;;;;;;;;;;;;;;;;;;;;;
2021;66;beauce_5_sa_021;organique_beauce_5;orgeh;orgeH_tousSols_nonirr_organique;FERTI;0.0;;;;;;;;;;;;;;;;;;;;;;;
2021;161;beauce_5_sa_021;organique_beauce_5;orgeh;orgeH_tousSols_nonirr_organique;FERTI;0.0;;;;;;;;;;;;;;;;;;;;;;;
2021;162;beauce_5_sa_021;organique_beauce_5;orgeh;orgeH_tousSols_nonirr_organique;FERTI;0.0;;;;;;;;;;;;;;;;;;;;;;;
2021;253;beauce_5_sa_021;organique_beauce_5;orgeh;orgeH_tousSols_nonirr_organique;TRAVAIL_SOL;0.92;24.0;;;;;;;;;;;;;;;;;;;;;;
2021;217;beauce_5_sa_022;organique_beauce_5;orgeh;orgeH_tousSols_nonirr_organique;RECOLTE;0.67;0.0;3.58;;;;;;;;;;;;;0.0;2.92;1.91;;;;;;
2021;308;beauce_5_sa_022;organique_beauce_5;orgeh;orgeH_tousSols_nonirr_organique;SEMIS;0.86;6.0;;;;;;;;;;;;;;;;;;;;;;
2021;155;beauce_5_sa_022;organique_beauce_5;orgeh;orgeH_tousSols_nonirr_organique;FERTI;0.0;;;;;;;;;;;;;;;;;;;;;;;
2021;322;beauce_5_sa_022;organique_beauce_5;orgeh;orgeH_tousSols_nonirr_organique;FERTI;0.0;;;;;;;;;;;;;;;;;;;;;;;
2021;228;beauce_5_sa_023;organique_beauce_5;orgeh;orgeH_tousSols_nonirr_organique;RECOLTE;0.67;0.0;3.57;;;;;;;;;;;;;0.0;2.91;1.91;;;;;;
2021;316;beauce_5_sa_023;organique_beauce_5;orgeh;orgeH_tousSols_nonirr_organique;SEMIS;0.86;6.0;;;;;;;;;;;;;;;;;;;;;;
2021;23;beauce_5_sa_023;organique_beauce_5;orgeh;orgeH_tousSols_nonirr_organique;FERTI;0.0;;;;;;;;;;;;;;;;;;;;;;;
2021;119;beauce_5_sa_023;organique_beauce_5;orgeh;orgeH_tousSols_nonirr_organique;FERTI;0.0;;;;;;;;;;;;;;;;;;;;;;;
2021;146;beauce_5_sa_023;organique_beauce_5;orgeh;orgeH_tousSols_nonirr_organique;FERTI;0.0;;;;;;;;;;;;;;;;;;;;;;;
2021;201;beauce_5_sa_024;organique_beauce_5;orgeh;orgeH_tousSols_nonirr_organique;RECOLTE;0.67;0.0;4.23;;;;;;;;;;;;;0.0;3.45;1.91;;;;;;
2021;270;beauce_5_sa_024;organique_beauce_5;orgeh;orgeH_tousSols_nonirr_organique;SEMIS;0.86;6.0;;;;;;;;;;;;;;;;;;;;;;
2021;83;beauce_5_sa_024;organique_beauce_5;orgeh;orgeH_tousSols_nonirr_organique;FERTI;0.0;;;;;;;;;;;;;;;;;;;;;;;
2021;228;beauce_5_sa_024;organique_beauce_5;orgeh;orgeH_tousSols_nonirr_organique;TRAVAIL_SOL;0.5;0.0;;;;;;;;;;;;;;;;;;;;;;
2021;201;beauce_5_sa_025;organique_beauce_5;orgeh;orgeH_tousSols_nonirr_organique;RECOLTE;0.67;0.0;4.04;;;;;;;;;;;;;0.0;3.3;1.91;;;;;;
2021;297;beauce_5_sa_025;organique_beauce_5;orgeh;orgeH_tousSols_nonirr_organique;SEMIS;0.86;6.0;;;;;;;;;;;;;;;;;;;;;;
2021;78;beauce_5_sa_025;organique_beauce_5;orgeh;orgeH_tousSols_nonirr_organique;FERTI;0.0;;;;;;;;;;;;;;;;;;;;;;;
2021;259;beauce_5_sa_025;organique_beauce_5;orgeh;orgeH_tousSols_nonirr_organique;TRAVAIL_SOL;0.5;0.0;;;;;;;;;;;;;;;;;;;;;;
2021;212;beauce_5_sa_026;organique_beauce_5;orgeh;orgeH_tousSols_nonirr_organique;RECOLTE;0.67;0.0;3.58;;;;;;;;;;;;;0.0;2.92;1.91;;;;;;
2021;301;beauce_5_sa_026;organique_beauce_5;orgeh;orgeH_tousSols_nonirr_organique;SEMIS;0.86;6.0;;;;;;;;;;;;;;;;;;;;;;
2021;90;beauce_5_sa_026;organique_beauce_5;orgeh;orgeH_tousSols_nonirr_organique;FERTI;0.0;;;;;;;;;;;;;;;;;;;;;;;
2021;336;beauce_5_sa_026;organique_beauce_5;orgeh;orgeH_tousSols_nonirr_organique;FERTI;0.0;;;;;;;;;;;;;;;;;;;;;;;
2021;200;beauce_5_sa_027;organique_beauce_5;orgeh;orgeH_tousSols_nonirr_organique;RECOLTE;0.67;0.0;3.63;;;;;;;;;;;;;0.0;2.96;1.91;;;;;;
2021;273;beauce_5_sa_027;organique_beauce_5;orgeh;orgeH_tousSols_nonirr_organique;SEMIS;0.86;6.0;;;;;;;;;;;;;;;;;;;;;;
2021;146;beauce_5_sa_027;organique_beauce_5;orgeh;orgeH_tousSols_nonirr_organique;FERTI;0.0;;;;;;;;;;;;;;;;;;;;;;;
2021;147;beauce_5_sa_027;organique_beauce_5;orgeh;orgeH_tousSols_nonirr_organique;FERTI;0.0;;;;;;;;;;;;;;;;;;;;;;;
2021;363;beauce_5_sa_027;organique_beauce_5;orgeh;orgeH_tousSols_nonirr_organique;FERTI;0.0;;;;;;;;;;;;;;;;;;;;;;;
2021;225;beauce_5_sa_028;organique_beauce_5;orgeh;orgeH_tousSols_nonirr_organique;RECOLTE;0.67;0.0;4.05;;;;;;;;;;;;;0.0;3.31;1.91;;;;;;
2021;274;beauce_5_sa_028;organique_beauce_5;orgeh;orgeH_tousSols_nonirr_organique;SEMIS;0.86;6.0;;;;;;;;;;;;;;;;;;;;;;
2021;157;beauce_5_sa_028;organique_beauce_5;orgeh;orgeH_tousSols_nonirr_organique;FERTI;0.0;;;;;;;;;;;;;;;;;;;;;;;
2021;158;beauce_5_sa_028;organique_beauce_5;orgeh;orgeH_tousSols_nonirr_organique;FERTI;0.0;;;;;;;;;;;;;;;;;;;;;;;
2021;232;beauce_5_sa_028;organique_beauce_5;orgeh;orgeH_tousSols_nonirr_organique;TRAVAIL_SOL;0.92;10.0;;;;;;;;;;;;;;;;;;;;;;
2021;198;beauce_5_sa_029;organique_beauce_5;orgeh;orgeH_tousSols_nonirr_organique;RECOLTE;0.67;0.0;3.65;;;;;;;;;;;;;0.0;2.98;1.91;;;;;;
2021;278;beauce_5_sa_029;organique_beauce_5;orgeh;orgeH_tousSols_nonirr_organique;SEMIS;0.86;6.0;;;;;;;;;;;;;;;;;;;;;;
2021;136;beauce_5_sa_029;organique_beauce_5;orgeh;orgeH_tousSols_nonirr_organique;FERTI;0.0;;;;;;;;;;;;;;;;;;;;;;;
2021;169;beauce_5_sa_029;organique_beauce_5;orgeh;orgeH_tousSols_nonirr_organique;FERTI;0.0;;;;;;;;;;;;;;;;;;;;;;;
2021;170;beauce_5_sa_029;organique_beauce_5;orgeh;orgeH_tousSols_nonirr_organique;FERTI;0.0;;;;;;;;;;;;;;;;;;;;;;;
2021;203;beauce_5_sa_030;organique_beauce_5;orgeh;orgeH_tousSols_nonirr_organique;RECOLTE;0.67;0.0;4.06;;;;;;;;;;;;;0.0;3.31;1.91;;;;;;
2021;301;beauce_5_sa_030;organique_beauce_5;orgeh;orgeH_tousSols_nonirr_organique;SEMIS;0.86;6.0;;;;;;;;;;;;;;;;;;;;;;
2021;55;beauce_5_sa_030;organique_beauce_5;orgeh;orgeH_tousSols_nonirr_organique;FERTI;0.0;;;;;;;;;;;;;;;;;;;;;;;
2021;150;beauce_5_sa_030;organique_beauce_5;orgeh;orgeH_tousSols_nonirr_organique;FERTI;0.0;;;;;;;;;;;;;;;;;;;;;;;
2021;258;beauce_5_sa_030;organique_beauce_5;orgeh;orgeH_tousSols_nonirr_organique;TRAVAIL_SOL;0.5;0.0;;;;;;;;;;;;;;;;;;;;;;
2021;177;beauce_5_sa_031;organique_beauce_5;orgeh;orgeH_tousSols_nonirr_organique;RECOLTE;0.67;0.0;3.21;;;;;;;;;;;;;0.0;2.62;1.91;;;;;;
2021;316;beauce_5_sa_031;organique_beauce_5;orgeh;orgeH_tousSols_nonirr_organique;SEMIS;0.86;6.0;;;;;;;;;;;;;;;;;;;;;;
2021;222;beauce_5_sa_032;organique_beauce_5;orgeh;orgeH_tousSols_nonirr_organique;RECOLTE;0.67;0.0;3.9;;;;;;;;;;;;;0.0;3.19;1.91;;;;;;
2021;302;beauce_5_sa_032;organique_beauce_5;orgeh;orgeH_tousSols_nonirr_organique;SEMIS;0.86;6.0;;;;;;;;;;;;;;;;;;;;;;
2021;97;beauce_5_sa_032;organique_beauce_5;orgeh;orgeH_tousSols_nonirr_organique;FERTI;0.0;;;;;;;;;;;;;;;;;;;;;;;
2021;351;beauce_5_sa_032;organique_beauce_5;orgeh;orgeH_tousSols_nonirr_organique;FERTI;0.0;;;;;;;;;;;;;;;;;;;;;;;
2021;268;beauce_5_sa_032;organique_beauce_5;orgeh;orgeH_tousSols_nonirr_organique;TRAVAIL_SOL;0.92;10.0;;;;;;;;;;;;;;;;;;;;;;
2021;178;beauce_5_sa_033;organique_beauce_5;orgeh;orgeH_tousSols_nonirr_organique;RECOLTE;0.67;0.0;3.34;;;;;;;;;;;;;0.0;2.73;1.91;;;;;;
2021;288;beauce_5_sa_033;organique_beauce_5;orgeh;orgeH_tousSols_nonirr_organique;SEMIS;0.86;6.0;;;;;;;;;;;;;;;;;;;;;;
2021;9;beauce_5_sa_033;organique_beauce_5;orgeh;orgeH_tousSols_nonirr_organique;FERTI;0.0;;;;;;;;;;;;;;;;;;;;;;;
2021;227;beauce_5_sa_034;organique_beauce_5;orgeh;orgeH_tousSols_nonirr_organique;RECOLTE;0.67;0.0;3.81;;;;;;;;;;;;;0.0;3.11;1.91;;;;;;
2021;275;beauce_5_sa_034;organique_beauce_5;orgeh;orgeH_tousSols_nonirr_organique;SEMIS;0.86;6.0;;;;;;;;;;;;;;;;;;;;;;
2021;82;beauce_5_sa_034;organique_beauce_5;orgeh;orgeH_tousSols_nonirr_organique;FERTI;0.0;;;;;;;;;;;;;;;;;;;;;;;
2021;254;beauce_5_sa_034;organique_beauce_5;orgeh;orgeH_tousSols_nonirr_organique;TRAVAIL_SOL;0.5;0.0;;;;;;;;;;;;;;;;;;;;;;
2021;220;beauce_5_sa_035;organique_beauce_5;orgeh;orgeH_tousSols_nonirr_organique;RECOLTE;0.67;0.0;3.91;;;;;;;;;;;;;0.0;3.19;1.91;;;;;;
2021;317;beauce_5_sa_035;organique_beauce_5;orgeh;orgeH_tousSols_nonirr_organique;SEMIS;0.86;6.0;;;;;;;;;;;;;;;;;;;;;;
2021;150;beauce_5_sa_035;organique_beauce_5;orgeh;orgeH_tousSols_nonirr_organique;FERTI;0.0;;;;;;;;;;;;;;;;;;;;;;;
2021;151;beauce_5_sa_035;organique_beauce_5;orgeh;orgeH_tousSols_nonirr_organique;FERTI;0.0;;;;;;;;;;;;;;;;;;;;;;;
2021;277;beauce_5_sa_035;organique_beauce_5;orgeh;orgeH_tousSols_nonirr_organique;TRAVAIL_SOL;0.92;10.0;;;;;;;;;;;;;;;;;;;;;;
2021;197;beauce_5_sa_036;organique_beauce_5;orgeh;orgeH_tousSols_nonirr_organique;RECOLTE;0.67;0.0;4.24;;;;;;;;;;;;;0.0;3.46;1.91;;;;;;
2021;270;beauce_5_sa_036;organique_beauce_5;orgeh;orgeH_tousSols_nonirr_organique;SEMIS;0.86;6.0;;;;;;;;;;;;;;;;;;;;;;
2021;229;beauce_5_sa_036;organique_beauce_5;orgeh;orgeH_tousSols_nonirr_organique;TRAVAIL_SOL;0.5;0.0;;;;;;;;;;;;;;;;;;;;;;
2021;193;beauce_5_sa_037;organique_beauce_5;orgeh;orgeH_tousSols_nonirr_organique;RECOLTE;0.67;0.0;4.09;;;;;;;;;;;;;0.0;3.34;1.91;;;;;;
2021;296;beauce_5_sa_037;organique_beauce_5;orgeh;orgeH_tousSols_nonirr_organique;SEMIS;0.86;6.0;;;;;;;;;;;;;;;;;;;;;;
2021;72;beauce_5_sa_037;organique_beauce_5;orgeh;orgeH_tousSols_nonirr_organique;FERTI;0.0;;;;;;;;;;;;;;;;;;;;;;;
2021;73;beauce_5_sa_037;organique_beauce_5;orgeh;orgeH_tousSols_nonirr_organique;FERTI;0.0;;;;;;;;;;;;;;;;;;;;;;;
2021;125;beauce_5_sa_037;organique_beauce_5;orgeh;orgeH_tousSols_nonirr_organique;FERTI;0.0;;;;;;;;;;;;;;;;;;;;;;;
2021;260;beauce_5_sa_037;organique_beauce_5;orgeh;orgeH_tousSols_nonirr_organique;TRAVAIL_SOL;0.92;10.0;;;;;;;;;;;;;;;;;;;;;;
2021;188;beauce_5_sa_038;organique_beauce_5;orgeh;orgeH_tousSols_nonirr_organique;RECOLTE;0.67;0.0;3.71;;;;;;;;;;;;;0.0;3.03;1.91;;;;;;
2021;290;beauce_5_sa_038;organique_beauce_5;orgeh;orgeH_tousSols_nonirr_organique;SEMIS;0.86;6.0;;;;;;;;;;;;;;;;;;;;;;
2021;108;beauce_5_sa_038;organique_beauce_5;orgeh;orgeH_tousSols_nonirr_organique;FERTI;0.0;;;;;;;;;;;;;;;;;;;;;;;
2021;144;beauce_5_sa_038;organique_beauce_5;orgeh;orgeH_tousSols_nonirr_organique;FERTI;0.0;;;;;;;;;;;;;;;;;;;;;;;
2021;173;beauce_5_sa_039;organique_beauce_5;orgeh;orgeH_tousSols_nonirr_organique;RECOLTE;0.67;0.0;3.28;;;;;;;;;;;;;0.0;2.68;1.91;;;;;;
2021;311;beauce_5_sa_039;organique_beauce_5;orgeh;orgeH_tousSols_nonirr_organique;SEMIS;0.86;6.0;;;;;;;;;;;;;;;;;;;;;;
2021;31;beauce_5_sa_039;organique_beauce_5;orgeh;orgeH_tousSols_nonirr_organique;FERTI;0.0;;;;;;;;;;;;;;;;;;;;;;;
2021;132;beauce_5_sa_039;organique_beauce_5;orgeh;orgeH_tousSols_nonirr_organique;FERTI;0.0;;;;;;;;;;;;;;;;;;;;;;;
2021;171;beauce_5_sa_040;organique_beauce_5;orgeh;orgeH_tousSols_nonirr_organique;RECOLTE;0.67;0.0;3.55;;;;;;;;;;;;;0.0;2.9;1.91;;;;;;
2021;305;beauce_5_sa_040;organique_beauce_5;orgeh;orgeH_tousSols_nonirr_organique;SEMIS;0.86;6.0;;;;;;;;;;;;;;;;;;;;;;
2021;151;beauce_5_sa_040;organique_beauce_5;orgeh;orgeH_tousSols_nonirr_organique;FERTI;0.0;;;;;;;;;;;;;;;;;;;;;;;
2021;277;beauce_5_sa_040;organique_beauce_5;orgeh;orgeH_tousSols_nonirr_organique;TRAVAIL_SOL;0.92;10.0;;;;;;;;;;;;;;;;;;;;;;
2021;219;beauce_5_sa_041;organique_beauce_5;orgeh;orgeH_tousSols_nonirr_organique;RECOLTE;0.67;0.0;3.84;;;;;;;;;;;;;0.0;3.14;1.91;;;;;;
2021;274;beauce_5_sa_041;organique_beauce_5;orgeh;orgeH_tousSols_nonirr_organique;SEMIS;0.86;6.0;;;;;;;;;;;;;;;;;;;;;;
2021;72;beauce_5_sa_041;organique_beauce_5;orgeh;orgeH_tousSols_nonirr_organique;FERTI;0.0;;;;;;;;;;;;;;;;;;;;;;;
2021;73;beauce_5_sa_041;organique_beauce_5;orgeh;orgeH_tousSols_nonirr_organique;FERTI;0.0;;;;;;;;;;;;;;;;;;;;;;;
2021;257;beauce_5_sa_041;organique_beauce_5;orgeh;orgeH_tousSols_nonirr_organique;TRAVAIL_SOL;0.92;10.0;;;;;;;;;;;;;;;;;;;;;;
2021;189;beauce_5_sa_042;organique_beauce_5;orgeh;orgeH_tousSols_nonirr_organique;RECOLTE;0.67;0.0;3.44;;;;;;;;;;;;;0.0;2.81;1.91;;;;;;
2021;308;beauce_5_sa_042;organique_beauce_5;orgeh;orgeH_tousSols_nonirr_organique;SEMIS;0.86;6.0;;;;;;;;;;;;;;;;;;;;;;
2021;227;beauce_5_sa_043;organique_beauce_5;orgeh;orgeH_tousSols_nonirr_organique;RECOLTE;0.67;0.0;3.85;;;;;;;;;;;;;0.0;3.14;1.91;;;;;;
2021;266;beauce_5_sa_043;organique_beauce_5;orgeh;orgeH_tousSols_nonirr_organique;SEMIS;0.86;6.0;;;;;;;;;;;;;;;;;;;;;;
2021;355;beauce_5_sa_043;organique_beauce_5;orgeh;orgeH_tousSols_nonirr_organique;FERTI;0.0;;;;;;;;;;;;;;;;;;;;;;;
2021;242;beauce_5_sa_043;organique_beauce_5;orgeh;orgeH_tousSols_nonirr_organique;TRAVAIL_SOL;0.92;10.0;;;;;;;;;;;;;;;;;;;;;;
2021;213;beauce_5_sa_044;organique_beauce_5;orgeh;orgeH_tousSols_nonirr_organique;RECOLTE;0.67;0.0;3.53;;;;;;;;;;;;;0.0;2.88;1.91;;;;;;
2021;273;beauce_5_sa_044;organique_beauce_5;orgeh;orgeH_tousSols_nonirr_organique;SEMIS;0.86;6.0;;;;;;;;;;;;;;;;;;;;;;
2021;165;beauce_5_sa_044;organique_beauce_5;orgeh;orgeH_tousSols_nonirr_organique;FERTI;0.0;;;;;;;;;;;;;;;;;;;;;;;
2021;166;beauce_5_sa_044;organique_beauce_5;orgeh;orgeH_tousSols_nonirr_organique;FERTI;0.0;;;;;;;;;;;;;;;;;;;;;;;
2021;204;beauce_5_sa_045;organique_beauce_5;orgeh;orgeH_tousSols_nonirr_organique;RECOLTE;0.67;0.0;3.85;;;;;;;;;;;;;0.0;3.15;1.91;;;;;;
2021;276;beauce_5_sa_045;organique_beauce_5;orgeh;orgeH_tousSols_nonirr_organique;SEMIS;0.86;6.0;;;;;;;;;;;;;;;;;;;;;;
2021;337;beauce_5_sa_045;organique_beauce_5;orgeh;orgeH_tousSols_nonirr_organique;FERTI;0.0;;;;;;;;;;;;;;;;;;;;;;;
2021;266;beauce_5_sa_045;organique_beauce_5;orgeh;orgeH_tousSols_nonirr_organique;TRAVAIL_SOL;0.92;24.0;;;;;;;;;;;;;;;;;;;;;;
2021;175;beauce_5_sa_046;organique_beauce_5;orgeh;orgeH_tousSols_nonirr_organique;RECOLTE;0.67;0.0;3.88;;;;;;;;;;;;;0.0;3.17;1.91;;;;;;
2021;260;beauce_5_sa_046;organique_beauce_5;orgeh;orgeH_tousSols_nonirr_organique;SEMIS;0.86;6.0;;;;;;;;;;;;;;;;;;;;;;
2021;162;beauce_5_sa_046;organique_beauce_5;orgeh;orgeH_tousSols_nonirr_organique;FERTI;0.0;;;;;;;;;;;;;;;;;;;;;;;
2021;333;beauce_5_sa_046;organique_beauce_5;orgeh;orgeH_tousSols_nonirr_organique;FERTI;0.0;;;;;;;;;;;;;;;;;;;;;;;
2021;171;beauce_5_sa_047;organique_beauce_5;orgeh;orgeH_tousSols_nonirr_organique;RECOLTE;0.67;0.0;3.77;;;;;;;;;;;;;0.0;3.08;1.91;;;;;;
2021;279;beauce_5_sa_047;organique_beauce_5;orgeh;orgeH_tousSols_nonirr_organique;SEMIS;0.86;6.0;;;;;;;;;;;;;;;;;;;;;;
2021;249;beauce_5_sa_047;organique_beauce_5;orgeh;orgeH_tousSols_nonirr_organique;TRAVAIL_SOL;0.5;5.0;;;;;;;;;;;;;;;;;;;;;;
2021;181;beauce_5_sa_048;organique_beauce_5;orgeh;orgeH_tousSols_nonirr_organique;RECOLTE;0.67;0.0;3.3;;;;;;;;;;;;;0.0;2.69;1.91;;;;;;
2021;310;beauce_5_sa_048;organique_beauce_5;orgeh;orgeH_tousSols_nonirr_organique;SEMIS;0.86;6.0;;;;;;;;;;;;;;;;;;;;;;
2021;144;beauce_5_sa_048;organique_beauce_5;orgeh;orgeH_tousSols_nonirr_organique;FERTI;0.0;;;;;;;;;;;;;;;;;;;;;;;
2021;228;beauce_5_sa_049;organique_beauce_5;orgeh;orgeH_tousSols_nonirr_organique;RECOLTE;0.67;0.0;3.63;;;;;;;;;;;;;0.0;2.97;1.91;;;;;;
2021;313;beauce_5_sa_049;organique_beauce_5;orgeh;orgeH_tousSols_nonirr_organique;SEMIS;0.86;6.0;;;;;;;;;;;;;;;;;;;;;;
2021;302;beauce_5_sa_049;organique_beauce_5;orgeh;orgeH_tousSols_nonirr_organique;TRAVAIL_SOL;0.5;0.0;;;;;;;;;;;;;;;;;;;;;;
2021;202;beauce_5_sa_050;organique_beauce_5;orgeh;orgeH_tousSols_nonirr_organique;RECOLTE;0.67;0.0;3.93;;;;;;;;;;;;;0.0;3.21;1.91;;;;;;
2021;271;beauce_5_sa_050;organique_beauce_5;orgeh;orgeH_tousSols_nonirr_organique;SEMIS;0.86;6.0;;;;;;;;;;;;;;;;;;;;;;
2021;254;beauce_5_sa_050;organique_beauce_5;orgeh;orgeH_tousSols_nonirr_organique;TRAVAIL_SOL;0.5;0.0;;;;;;;;;;;;;;;;;;;;;;
2021;220;beauce_5_sa_051;organique_beauce_5;orgeh;orgeH_tousSols_nonirr_organique;RECOLTE;0.67;0.0;4.15;;;;;;;;;;;;;0.0;3.39;1.91;;;;;;
2021;274;beauce_5_sa_051;organique_beauce_5;orgeh;orgeH_tousSols_nonirr_organique;SEMIS;0.86;6.0;;;;;;;;;;;;;;;;;;;;;;
2021;74;beauce_5_sa_051;organique_beauce_5;orgeh;orgeH_tousSols_nonirr_organique;FERTI;0.0;;;;;;;;;;;;;;;;;;;;;;;
2021;153;beauce_5_sa_051;organique_beauce_5;orgeh;orgeH_tousSols_nonirr_organique;FERTI;0.0;;;;;;;;;;;;;;;;;;;;;;;
2021;231;beauce_5_sa_051;organique_beauce_5;orgeh;orgeH_tousSols_nonirr_organique;TRAVAIL_SOL;0.92;10.0;;;;;;;;;;;;;;;;;;;;;;
2021;207;beauce_5_sa_052;organique_beauce_5;orgeh;orgeH_tousSols_nonirr_organique;RECOLTE;0.67;0.0;3.89;;;;;;;;;;;;;0.0;3.17;1.91;;;;;;
2021;261;beauce_5_sa_052;organique_beauce_5;orgeh;orgeH_tousSols_nonirr_organique;SEMIS;0.86;6.0;;;;;;;;;;;;;;;;;;;;;;
2021;88;beauce_5_sa_052;organique_beauce_5;orgeh;orgeH_tousSols_nonirr_organique;FERTI;0.0;;;;;;;;;;;;;;;;;;;;;;;
2021;244;beauce_5_sa_052;organique_beauce_5;orgeh;orgeH_tousSols_nonirr_organique;TRAVAIL_SOL;0.92;10.0;;;;;;;;;;;;;;;;;;;;;;
2021;200;beauce_5_sa_053;organique_beauce_5;orgeh;orgeH_tousSols_nonirr_organique;RECOLTE;0.67;0.0;3.98;;;;;;;;;;;;;0.0;3.25;1.91;;;;;;
2021;257;beauce_5_sa_053;organique_beauce_5;orgeh;orgeH_tousSols_nonirr_organique;SEMIS;0.86;6.0;;;;;;;;;;;;;;;;;;;;;;
2021;165;beauce_5_sa_053;organique_beauce_5;orgeh;orgeH_tousSols_nonirr_organique;FERTI;0.0;;;;;;;;;;;;;;;;;;;;;;;
2021;166;beauce_5_sa_053;organique_beauce_5;orgeh;orgeH_tousSols_nonirr_organique;FERTI;0.0;;;;;;;;;;;;;;;;;;;;;;;
2021;245;beauce_5_sa_053;organique_beauce_5;orgeh;orgeH_tousSols_nonirr_organique;TRAVAIL_SOL;0.92;24.0;;;;;;;;;;;;;;;;;;;;;;
2021;228;beauce_5_sa_054;organique_beauce_5;orgeh;orgeH_tousSols_nonirr_organique;RECOLTE;0.67;0.0;3.45;;;;;;;;;;;;;0.0;2.82;1.91;;;;;;
2021;263;beauce_5_sa_054;organique_beauce_5;orgeh;orgeH_tousSols_nonirr_organique;SEMIS;0.86;6.0;;;;;;;;;;;;;;;;;;;;;;
2021;90;beauce_5_sa_054;organique_beauce_5;orgeh;orgeH_tousSols_nonirr_organique;FERTI;0.0;;;;;;;;;;;;;;;;;;;;;;;
2021;182;beauce_5_sa_055;organique_beauce_5;orgeh;orgeH_tousSols_nonirr_organique;RECOLTE;0.67;0.0;3.83;;;;;;;;;;;;;0.0;3.13;1.91;;;;;;
2021;261;beauce_5_sa_055;organique_beauce_5;orgeh;orgeH_tousSols_nonirr_organique;SEMIS;0.86;6.0;;;;;;;;;;;;;;;;;;;;;;
2021;122;beauce_5_sa_055;organique_beauce_5;orgeh;orgeH_tousSols_nonirr_organique;FERTI;0.0;;;;;;;;;;;;;;;;;;;;;;;
2021;144;beauce_5_sa_055;organique_beauce_5;orgeh;orgeH_tousSols_nonirr_organique;FERTI;0.0;;;;;;;;;;;;;;;;;;;;;;;
2021;164;beauce_5_sa_055;organique_beauce_5;orgeh;orgeH_tousSols_nonirr_organique;FERTI;0.0;;;;;;;;;;;;;;;;;;;;;;;
2021;179;beauce_5_sa_056;organique_beauce_5;orgeh;orgeH_tousSols_nonirr_organique;RECOLTE;0.67;0.0;3.71;;;;;;;;;;;;;0.0;3.03;1.91;;;;;;
2021;278;beauce_5_sa_056;organique_beauce_5;orgeh;orgeH_tousSols_nonirr_organique;SEMIS;0.86;6.0;;;;;;;;;;;;;;;;;;;;;;
2021;89;beauce_5_sa_056;organique_beauce_5;orgeh;orgeH_tousSols_nonirr_organique;FERTI;0.0;;;;;;;;;;;;;;;;;;;;;;;
2021;168;beauce_5_sa_056;organique_beauce_5;orgeh;orgeH_tousSols_nonirr_organique;FERTI;0.0;;;;;;;;;;;;;;;;;;;;;;;
2021;322;beauce_5_sa_056;organique_beauce_5;orgeh;orgeH_tousSols_nonirr_organique;FERTI;0.0;;;;;;;;;;;;;;;;;;;;;;;
2021;225;beauce_5_sa_057;organique_beauce_5;orgeh;orgeH_tousSols_nonirr_organique;RECOLTE;0.67;0.0;3.6;;;;;;;;;;;;;0.0;2.94;1.91;;;;;;
2021;298;beauce_5_sa_057;organique_beauce_5;orgeh;orgeH_tousSols_nonirr_organique;SEMIS;0.86;6.0;;;;;;;;;;;;;;;;;;;;;;
2021;151;beauce_5_sa_057;organique_beauce_5;orgeh;orgeH_tousSols_nonirr_organique;FERTI;0.0;;;;;;;;;;;;;;;;;;;;;;;
2021;177;beauce_5_sa_058;organique_beauce_5;orgeh;orgeH_tousSols_nonirr_organique;RECOLTE;0.67;0.0;3.91;;;;;;;;;;;;;0.0;3.19;1.91;;;;;;
2021;285;beauce_5_sa_058;organique_beauce_5;orgeh;orgeH_tousSols_nonirr_organique;SEMIS;0.86;6.0;;;;;;;;;;;;;;;;;;;;;;
2021;244;beauce_5_sa_058;organique_beauce_5;orgeh;orgeH_tousSols_nonirr_organique;TRAVAIL_SOL;0.92;24.0;;;;;;;;;;;;;;;;;;;;;;
2021;199;beauce_5_sa_059;organique_beauce_5;orgeh;orgeH_tousSols_nonirr_organique;RECOLTE;0.67;0.0;4.06;;;;;;;;;;;;;0.0;3.31;1.91;;;;;;
2021;281;beauce_5_sa_059;organique_beauce_5;orgeh;orgeH_tousSols_nonirr_organique;SEMIS;0.86;6.0;;;;;;;;;;;;;;;;;;;;;;
2021;64;beauce_5_sa_059;organique_beauce_5;orgeh;orgeH_tousSols_nonirr_organique;FERTI;0.0;;;;;;;;;;;;;;;;;;;;;;;
2021;246;beauce_5_sa_059;organique_beauce_5;orgeh;orgeH_tousSols_nonirr_organique;TRAVAIL_SOL;0.5;5.0;;;;;;;;;;;;;;;;;;;;;;
2021;220;beauce_5_sa_060;organique_beauce_5;orgeh;orgeH_tousSols_nonirr_organique;RECOLTE;0.67;0.0;3.64;;;;;;;;;;;;;0.0;2.97;1.91;;;;;;
2021;296;beauce_5_sa_060;organique_beauce_5;orgeh;orgeH_tousSols_nonirr_organique;SEMIS;0.86;6.0;;;;;;;;;;;;;;;;;;;;;;
2021;153;beauce_5_sa_060;organique_beauce_5;orgeh;orgeH_tousSols_nonirr_organique;FERTI;0.0;;;;;;;;;;;;;;;;;;;;;;;
2021;356;beauce_5_sa_060;organique_beauce_5;orgeh;orgeH_tousSols_nonirr_organique;FERTI;0.0;;;;;;;;;;;;;;;;;;;;;;;
2021;206;beauce_5_sa_061;organique_beauce_5;orgeh;orgeH_tousSols_nonirr_organique;RECOLTE;0.67;0.0;3.91;;;;;;;;;;;;;0.0;3.19;1.91;;;;;;
2021;315;beauce_5_sa_061;organique_beauce_5;orgeh;orgeH_tousSols_nonirr_organique;SEMIS;0.86;6.0;;;;;;;;;;;;;;;;;;;;;;
2021;278;beauce_5_sa_061;organique_beauce_5;orgeh;orgeH_tousSols_nonirr_organique;TRAVAIL_SOL;0.5;0.0;;;;;;;;;;;;;;;;;;;;;;
2021;210;beauce_5_sa_062;organique_beauce_5;orgeh;orgeH_tousSols_nonirr_organique;RECOLTE;0.67;0.0;3.59;;;;;;;;;;;;;0.0;2.93;1.91;;;;;;
2021;310;beauce_5_sa_062;organique_beauce_5;orgeh;orgeH_tousSols_nonirr_organique;SEMIS;0.86;6.0;;;;;;;;;;;;;;;;;;;;;;
2021;38;beauce_5_sa_062;organique_beauce_5;orgeh;orgeH_tousSols_nonirr_organique;FERTI;0.0;;;;;;;;;;;;;;;;;;;;;;;
2021;228;beauce_5_sa_063;organique_beauce_5;orgeh;orgeH_tousSols_nonirr_organique;RECOLTE;0.67;0.0;3.55;;;;;;;;;;;;;0.0;2.9;1.91;;;;;;
2021;314;beauce_5_sa_063;organique_beauce_5;orgeh;orgeH_tousSols_nonirr_organique;SEMIS;0.86;6.0;;;;;;;;;;;;;;;;;;;;;;
2021;126;beauce_5_sa_063;organique_beauce_5;orgeh;orgeH_tousSols_nonirr_organique;FERTI;0.0;;;;;;;;;;;;;;;;;;;;;;;
2021;127;beauce_5_sa_063;organique_beauce_5;orgeh;orgeH_tousSols_nonirr_organique;FERTI;0.0;;;;;;;;;;;;;;;;;;;;;;;
2021;333;beauce_5_sa_063;organique_beauce_5;orgeh;orgeH_tousSols_nonirr_organique;FERTI;0.0;;;;;;;;;;;;;;;;;;;;;;;
2021;170;beauce_5_sa_064;organique_beauce_5;orgeh;orgeH_tousSols_nonirr_organique;RECOLTE;0.67;0.0;4.12;;;;;;;;;;;;;0.0;3.37;1.91;;;;;;
2021;267;beauce_5_sa_064;organique_beauce_5;orgeh;orgeH_tousSols_nonirr_organique;SEMIS;0.86;6.0;;;;;;;;;;;;;;;;;;;;;;
2021;155;beauce_5_sa_064;organique_beauce_5;orgeh;orgeH_tousSols_nonirr_organique;FERTI;0.0;;;;;;;;;;;;;;;;;;;;;;;
2021;156;beauce_5_sa_064;organique_beauce_5;orgeh;orgeH_tousSols_nonirr_organique;FERTI;0.0;;;;;;;;;;;;;;;;;;;;;;;
2021;318;beauce_5_sa_064;organique_beauce_5;orgeh;orgeH_tousSols_nonirr_organique;FERTI;0.0;;;;;;;;;;;;;;;;;;;;;;;
2021;238;beauce_5_sa_064;organique_beauce_5;orgeh;orgeH_tousSols_nonirr_organique;TRAVAIL_SOL;0.5;10.0;;;;;;;;;;;;;;;;;;;;;;
2021;218;beauce_5_sa_065;organique_beauce_5;orgeh;orgeH_tousSols_nonirr_organique;RECOLTE;0.67;0.0;3.78;;;;;;;;;;;;;0.0;3.09;1.91;;;;;;
2021;300;beauce_5_sa_065;organique_beauce_5;orgeh;orgeH_tousSols_nonirr_organique;SEMIS;0.86;6.0;;;;;;;;;;;;;;;;;;;;;;
2021;280;beauce_5_sa_065;organique_beauce_5;orgeh;orgeH_tousSols_nonirr_organique;TRAVAIL_SOL;0.5;0.0;;;;;;;;;;;;;;;;;;;;;;
2021;216;beauce_5_sa_066;organique_beauce_5;orgeh;orgeH_tousSols_nonirr_organique;RECOLTE;0.67;0.0;4.03;;;;;;;;;;;;;0.0;3.29;1.91;;;;;;
2021;273;beauce_5_sa_066;organique_beauce_5;orgeh;orgeH_tousSols_nonirr_organique;SEMIS;0.86;6.0;;;;;;;;;;;;;;;;;;;;;;
2021;27;beauce_5_sa_066;organique_beauce_5;orgeh;orgeH_tousSols_nonirr_organique;FERTI;0.0;;;;;;;;;;;;;;;;;;;;;;;
2021;102;beauce_5_sa_066;organique_beauce_5;orgeh;orgeH_tousSols_nonirr_organique;FERTI;0.0;;;;;;;;;;;;;;;;;;;;;;;
2021;103;beauce_5_sa_066;organique_beauce_5;orgeh;orgeH_tousSols_nonirr_organique;FERTI;0.0;;;;;;;;;;;;;;;;;;;;;;;
2021;238;beauce_5_sa_066;organique_beauce_5;orgeh;orgeH_tousSols_nonirr_organique;TRAVAIL_SOL;0.5;10.0;;;;;;;;;;;;;;;;;;;;;;
2021;220;beauce_5_sa_067;organique_beauce_5;orgeh;orgeH_tousSols_nonirr_organique;RECOLTE;0.67;0.0;3.58;;;;;;;;;;;;;0.0;2.92;1.91;;;;;;
2021;312;beauce_5_sa_067;organique_beauce_5;orgeh;orgeH_tousSols_nonirr_organique;SEMIS;0.86;6.0;;;;;;;;;;;;;;;;;;;;;;
2021;151;beauce_5_sa_067;organique_beauce_5;orgeh;orgeH_tousSols_nonirr_organique;FERTI;0.0;;;;;;;;;;;;;;;;;;;;;;;
2021;349;beauce_5_sa_067;organique_beauce_5;orgeh;orgeH_tousSols_nonirr_organique;FERTI;0.0;;;;;;;;;;;;;;;;;;;;;;;
2021;227;beauce_5_sa_068;organique_beauce_5;orgeh;orgeH_tousSols_nonirr_organique;RECOLTE;0.67;0.0;3.59;;;;;;;;;;;;;0.0;2.93;1.91;;;;;;
2021;312;beauce_5_sa_068;organique_beauce_5;orgeh;orgeH_tousSols_nonirr_organique;SEMIS;0.86;6.0;;;;;;;;;;;;;;;;;;;;;;
2021;129;beauce_5_sa_068;organique_beauce_5;orgeh;orgeH_tousSols_nonirr_organique;FERTI;0.0;;;;;;;;;;;;;;;;;;;;;;;
2021;141;beauce_5_sa_068;organique_beauce_5;orgeh;orgeH_tousSols_nonirr_organique;FERTI;0.0;;;;;;;;;;;;;;;;;;;;;;;
2021;326;beauce_5_sa_068;organique_beauce_5;orgeh;orgeH_tousSols_nonirr_organique;FERTI;0.0;;;;;;;;;;;;;;;;;;;;;;;
2021;190;beauce_5_sa_069;organique_beauce_5;orgeh;orgeH_tousSols_nonirr_organique;RECOLTE;0.67;0.0;4.25;;;;;;;;;;;;;0.0;3.47;1.91;;;;;;
2021;269;beauce_5_sa_069;organique_beauce_5;orgeh;orgeH_tousSols_nonirr_organique;SEMIS;0.86;6.0;;;;;;;;;;;;;;;;;;;;;;
2021;1;beauce_5_sa_069;organique_beauce_5;orgeh;orgeH_tousSols_nonirr_organique;FERTI;0.0;;;;;;;;;;;;;;;;;;;;;;;
2021;129;beauce_5_sa_069;organique_beauce_5;orgeh;orgeH_tousSols_nonirr_organique;FERTI;0.0;;;;;;;;;;;;;;;;;;;;;;;
2021;136;beauce_5_sa_069;organique_beauce_5;orgeh;orgeH_tousSols_nonirr_organique;FERTI;0.0;;;;;;;;;;;;;;;;;;;;;;;
2021;229;beauce_5_sa_069;organique_beauce_5;orgeh;orgeH_tousSols_nonirr_organique;TRAVAIL_SOL;0.92;24.0;;;;;;;;;;;;;;;;;;;;;;
2021;205;beauce_5_sa_070;organique_beauce_5;orgeh;orgeH_tousSols_nonirr_organique;RECOLTE;0.67;0.0;3.75;;;;;;;;;;;;;0.0;3.06;1.91;;;;;;
2021;264;beauce_5_sa_070;organique_beauce_5;orgeh;orgeH_tousSols_nonirr_organique;SEMIS;0.86;6.0;;;;;;;;;;;;;;;;;;;;;;
2021;110;beauce_5_sa_070;organique_beauce_5;orgeh;orgeH_tousSols_nonirr_organique;FERTI;0.0;;;;;;;;;;;;;;;;;;;;;;;
2021;114;beauce_5_sa_070;organique_beauce_5;orgeh;orgeH_tousSols_nonirr_organique;FERTI;0.0;;;;;;;;;;;;;;;;;;;;;;;
2021;219;beauce_5_sa_071;organique_beauce_5;orgeh;orgeH_tousSols_nonirr_organique;RECOLTE;0.67;0.0;3.58;;;;;;;;;;;;;0.0;2.92;1.91;;;;;;
2021;272;beauce_5_sa_071;organique_beauce_5;orgeh;orgeH_tousSols_nonirr_organique;SEMIS;0.86;6.0;;;;;;;;;;;;;;;;;;;;;;
2021;85;beauce_5_sa_071;organique_beauce_5;orgeh;orgeH_tousSols_nonirr_organique;FERTI;0.0;;;;;;;;;;;;;;;;;;;;;;;
2021;110;beauce_5_sa_071;organique_beauce_5;orgeh;orgeH_tousSols_nonirr_organique;FERTI;0.0;;;;;;;;;;;;;;;;;;;;;;;
2021;227;beauce_5_sa_072;organique_beauce_5;orgeh;orgeH_tousSols_nonirr_organique;RECOLTE;0.67;0.0;3.55;;;;;;;;;;;;;0.0;2.9;1.91;;;;;;
2021;303;beauce_5_sa_072;organique_beauce_5;orgeh;orgeH_tousSols_nonirr_organique;SEMIS;0.86;6.0;;;;;;;;;;;;;;;;;;;;;;
2021;39;beauce_5_sa_072;organique_beauce_5;orgeh;orgeH_tousSols_nonirr_organique;FERTI;0.0;;;;;;;;;;;;;;;;;;;;;;;
2021;131;beauce_5_sa_072;organique_beauce_5;orgeh;orgeH_tousSols_nonirr_organique;FERTI;0.0;;;;;;;;;;;;;;;;;;;;;;;
2021;187;beauce_5_sa_073;organique_beauce_5;orgeh;orgeH_tousSols_nonirr_organique;RECOLTE;0.67;0.0;3.62;;;;;;;;;;;;;0.0;2.95;1.91;;;;;;
2021;306;beauce_5_sa_073;organique_beauce_5;orgeh;orgeH_tousSols_nonirr_organique;SEMIS;0.86;6.0;;;;;;;;;;;;;;;;;;;;;;
2021;166;beauce_5_sa_073;organique_beauce_5;orgeh;orgeH_tousSols_nonirr_organique;FERTI;0.0;;;;;;;;;;;;;;;;;;;;;;;
2021;278;beauce_5_sa_073;organique_beauce_5;orgeh;orgeH_tousSols_nonirr_organique;TRAVAIL_SOL;0.5;0.0;;;;;;;;;;;;;;;;;;;;;;
2021;210;beauce_5_sa_074;organique_beauce_5;orgeh;orgeH_tousSols_nonirr_organique;RECOLTE;0.67;0.0;3.79;;;;;;;;;;;;;0.0;3.09;1.91;;;;;;
2021;282;beauce_5_sa_074;organique_beauce_5;orgeh;orgeH_tousSols_nonirr_organique;SEMIS;0.86;6.0;;;;;;;;;;;;;;;;;;;;;;
2021;57;beauce_5_sa_074;organique_beauce_5;orgeh;orgeH_tousSols_nonirr_organique;FERTI;0.0;;;;;;;;;;;;;;;;;;;;;;;
2021;268;beauce_5_sa_074;organique_beauce_5;orgeh;orgeH_tousSols_nonirr_organique;TRAVAIL_SOL;0.92;10.0;;;;;;;;;;;;;;;;;;;;;;
2021;171;beauce_5_sa_075;organique_beauce_5;orgeh;orgeH_tousSols_nonirr_organique;RECOLTE;0.67;0.0;3.37;;;;;;;;;;;;;0.0;2.75;1.91;;;;;;
2021;317;beauce_5_sa_075;organique_beauce_5;orgeh;orgeH_tousSols_nonirr_organique;SEMIS;0.86;6.0;;;;;;;;;;;;;;;;;;;;;;
2021;226;beauce_5_sa_076;organique_beauce_5;orgeh;orgeH_tousSols_nonirr_organique;RECOLTE;0.67;0.0;3.56;;;;;;;;;;;;;0.0;2.91;1.91;;;;;;
2021;266;beauce_5_sa_076;organique_beauce_5;orgeh;orgeH_tousSols_nonirr_organique;SEMIS;0.86;6.0;;;;;;;;;;;;;;;;;;;;;;
2021;79;beauce_5_sa_076;organique_beauce_5;orgeh;orgeH_tousSols_nonirr_organique;FERTI;0.0;;;;;;;;;;;;;;;;;;;;;;;
2021;118;beauce_5_sa_076;organique_beauce_5;orgeh;orgeH_tousSols_nonirr_organique;FERTI;0.0;;;;;;;;;;;;;;;;;;;;;;;
2021;132;beauce_5_sa_076;organique_beauce_5;orgeh;orgeH_tousSols_nonirr_organique;FERTI;0.0;;;;;;;;;;;;;;;;;;;;;;;
2021;226;beauce_5_sa_077;organique_beauce_5;orgeh;orgeH_tousSols_nonirr_organique;RECOLTE;0.67;0.0;3.54;;;;;;;;;;;;;0.0;2.89;1.91;;;;;;
2021;269;beauce_5_sa_077;organique_beauce_5;orgeh;orgeH_tousSols_nonirr_organique;SEMIS;0.86;6.0;;;;;;;;;;;;;;;;;;;;;;
2021;125;beauce_5_sa_077;organique_beauce_5;orgeh;orgeH_tousSols_nonirr_organique;FERTI;0.0;;;;;;;;;;;;;;;;;;;;;;;
2021;126;beauce_5_sa_077;organique_beauce_5;orgeh;orgeH_tousSols_nonirr_organique;FERTI;0.0;;;;;;;;;;;;;;;;;;;;;;;
2021;193;beauce_5_sa_078;organique_beauce_5;orgeh;orgeH_tousSols_nonirr_organique;RECOLTE;0.67;0.0;3.83;;;;;;;;;;;;;0.0;3.13;1.91;;;;;;
2021;301;beauce_5_sa_078;organique_beauce_5;orgeh;orgeH_tousSols_nonirr_organique;SEMIS;0.86;6.0;;;;;;;;;;;;;;;;;;;;;;
2021;321;beauce_5_sa_078;organique_beauce_5;orgeh;orgeH_tousSols_nonirr_organique;FERTI;0.0;;;;;;;;;;;;;;;;;;;;;;;
2021;280;beauce_5_sa_078;organique_beauce_5;orgeh;orgeH_tousSols_nonirr_organique;TRAVAIL_SOL;0.92;10.0;;;;;;;;;;;;;;;;;;;;;;
2021;195;beauce_5_sa_079;organique_beauce_5;orgeh;orgeH_tousSols_nonirr_organique;RECOLTE;0.67;0.0;3.99;;;;;;;;;;;;;0.0;3.26;1.91;;;;;;
2021;272;beauce_5_sa_079;organique_beauce_5;orgeh;orgeH_tousSols_nonirr_organique;SEMIS;0.86;6.0;;;;;;;;;;;;;;;;;;;;;;
2021;246;beauce_5_sa_079;organique_beauce_5;orgeh;orgeH_tousSols_nonirr_organique;TRAVAIL_SOL;0.92;10.0;;;;;;;;;;;;;;;;;;;;;;
2021;201;beauce_5_sa_080;organique_beauce_5;orgeh;orgeH_tousSols_nonirr_organique;RECOLTE;0.67;0.0;4.01;;;;;;;;;;;;;0.0;3.28;1.91;;;;;;
2021;258;beauce_5_sa_080;organique_beauce_5;orgeh;orgeH_tousSols_nonirr_organique;SEMIS;0.86;6.0;;;;;;;;;;;;;;;;;;;;;;
2021;91;beauce_5_sa_080;organique_beauce_5;orgeh;orgeH_tousSols_nonirr_organique;FERTI;0.0;;;;;;;;;;;;;;;;;;;;;;;
2021;138;beauce_5_sa_080;organique_beauce_5;orgeh;orgeH_tousSols_nonirr_organique;FERTI;0.0;;;;;;;;;;;;;;;;;;;;;;;
2021;139;beauce_5_sa_080;organique_beauce_5;orgeh;orgeH_tousSols_nonirr_organique;FERTI;0.0;;;;;;;;;;;;;;;;;;;;;;;
2021;243;beauce_5_sa_080;organique_beauce_5;orgeh;orgeH_tousSols_nonirr_organique;TRAVAIL_SOL;0.92;10.0;;;;;;;;;;;;;;;;;;;;;;
2021;210;beauce_5_sa_081;organique_beauce_5;orgeh;orgeH_tousSols_nonirr_organique;RECOLTE;0.67;0.0;3.8;;;;;;;;;;;;;0.0;3.11;1.91;;;;;;
2021;278;beauce_5_sa_081;organique_beauce_5;orgeh;orgeH_tousSols_nonirr_organique;SEMIS;0.86;6.0;;;;;;;;;;;;;;;;;;;;;;
2021;266;beauce_5_sa_081;organique_beauce_5;orgeh;orgeH_tousSols_nonirr_organique;TRAVAIL_SOL;0.5;0.0;;;;;;;;;;;;;;;;;;;;;;
2021;203;beauce_5_sa_082;organique_beauce_5;orgeh;orgeH_tousSols_nonirr_organique;RECOLTE;0.67;0.0;3.98;;;;;;;;;;;;;0.0;3.25;1.91;;;;;;
2021;258;beauce_5_sa_082;organique_beauce_5;orgeh;orgeH_tousSols_nonirr_organique;SEMIS;0.86;6.0;;;;;;;;;;;;;;;;;;;;;;
2021;48;beauce_5_sa_082;organique_beauce_5;orgeh;orgeH_tousSols_nonirr_organique;FERTI;0.0;;;;;;;;;;;;;;;;;;;;;;;
2021;108;beauce_5_sa_082;organique_beauce_5;orgeh;orgeH_tousSols_nonirr_organique;FERTI;0.0;;;;;;;;;;;;;;;;;;;;;;;
2021;239;beauce_5_sa_082;organique_beauce_5;orgeh;orgeH_tousSols_nonirr_organique;TRAVAIL_SOL;0.92;24.0;;;;;;;;;;;;;;;;;;;;;;
2021;231;beauce_5_sa_083;organique_beauce_5;orgeh;orgeH_tousSols_nonirr_organique;RECOLTE;0.67;0.0;3.63;;;;;;;;;;;;;0.0;2.96;1.91;;;;;;
2021;296;beauce_5_sa_083;organique_beauce_5;orgeh;orgeH_tousSols_nonirr_organique;SEMIS;0.86;6.0;;;;;;;;;;;;;;;;;;;;;;
2021;148;beauce_5_sa_083;organique_beauce_5;orgeh;orgeH_tousSols_nonirr_organique;FERTI;0.0;;;;;;;;;;;;;;;;;;;;;;;
2021;149;beauce_5_sa_083;organique_beauce_5;orgeh;orgeH_tousSols_nonirr_organique;FERTI;0.0;;;;;;;;;;;;;;;;;;;;;;;
2021;215;beauce_5_sa_084;organique_beauce_5;orgeh;orgeH_tousSols_nonirr_organique;RECOLTE;0.67;0.0;3.63;;;;;;;;;;;;;0.0;2.96;1.91;;;;;;
2021;276;beauce_5_sa_084;organique_beauce_5;orgeh;orgeH_tousSols_nonirr_organique;SEMIS;0.86;6.0;;;;;;;;;;;;;;;;;;;;;;
2021;35;beauce_5_sa_084;organique_beauce_5;orgeh;orgeH_tousSols_nonirr_organique;FERTI;0.0;;;;;;;;;;;;;;;;;;;;;;;
2021;169;beauce_5_sa_084;organique_beauce_5;orgeh;orgeH_tousSols_nonirr_organique;FERTI;0.0;;;;;;;;;;;;;;;;;;;;;;;
2021;170;beauce_5_sa_084;organique_beauce_5;orgeh;orgeH_tousSols_nonirr_organique;FERTI;0.0;;;;;;;;;;;;;;;;;;;;;;;
2021;227;beauce_5_sa_085;organique_beauce_5;orgeh;orgeH_tousSols_nonirr_organique;RECOLTE;0.67;0.0;3.68;;;;;;;;;;;;;0.0;3.0;1.91;;;;;;
2021;298;beauce_5_sa_085;organique_beauce_5;orgeh;orgeH_tousSols_nonirr_organique;SEMIS;0.86;6.0;;;;;;;;;;;;;;;;;;;;;;
2021;144;beauce_5_sa_085;organique_beauce_5;orgeh;orgeH_tousSols_nonirr_organique;FERTI;0.0;;;;;;;;;;;;;;;;;;;;;;;
2021;153;beauce_5_sa_085;organique_beauce_5;orgeh;orgeH_tousSols_nonirr_organique;FERTI;0.0;;;;;;;;;;;;;;;;;;;;;;;
2021;154;beauce_5_sa_085;organique_beauce_5;orgeh;orgeH_tousSols_nonirr_organique;FERTI;0.0;;;;;;;;;;;;;;;;;;;;;;;
2021;287;beauce_5_sa_085;organique_beauce_5;orgeh;orgeH_tousSols_nonirr_organique;TRAVAIL_SOL;0.5;0.0;;;;;;;;;;;;;;;;;;;;;;
2021;178;beauce_5_sa_086;organique_beauce_5;orgeh;orgeH_tousSols_nonirr_organique;RECOLTE;0.67;0.0;3.52;;;;;;;;;;;;;0.0;2.88;1.91;;;;;;
2021;285;beauce_5_sa_086;organique_beauce_5;orgeh;orgeH_tousSols_nonirr_organique;SEMIS;0.86;6.0;;;;;;;;;;;;;;;;;;;;;;
2021;89;beauce_5_sa_086;organique_beauce_5;orgeh;orgeH_tousSols_nonirr_organique;FERTI;0.0;;;;;;;;;;;;;;;;;;;;;;;
2021;113;beauce_5_sa_086;organique_beauce_5;orgeh;orgeH_tousSols_nonirr_organique;FERTI;0.0;;;;;;;;;;;;;;;;;;;;;;;
2021;279;beauce_5_sa_086;organique_beauce_5;orgeh;orgeH_tousSols_nonirr_organique;TRAVAIL_SOL;0.92;10.0;;;;;;;;;;;;;;;;;;;;;;
2021;220;beauce_5_sa_087;organique_beauce_5;orgeh;orgeH_tousSols_nonirr_organique;RECOLTE;0.67;0.0;3.67;;;;;;;;;;;;;0.0;3.0;1.91;;;;;;
2021;261;beauce_5_sa_087;organique_beauce_5;orgeh;orgeH_tousSols_nonirr_organique;SEMIS;0.86;6.0;;;;;;;;;;;;;;;;;;;;;;
2021;155;beauce_5_sa_087;organique_beauce_5;orgeh;orgeH_tousSols_nonirr_organique;FERTI;0.0;;;;;;;;;;;;;;;;;;;;;;;
2021;161;beauce_5_sa_087;organique_beauce_5;orgeh;orgeH_tousSols_nonirr_organique;FERTI;0.0;;;;;;;;;;;;;;;;;;;;;;;
2021;162;beauce_5_sa_087;organique_beauce_5;orgeh;orgeH_tousSols_nonirr_organique;FERTI;0.0;;;;;;;;;;;;;;;;;;;;;;;
2021;215;beauce_5_sa_088;organique_beauce_5;orgeh;orgeH_tousSols_nonirr_organique;RECOLTE;0.67;0.0;3.86;;;;;;;;;;;;;0.0;3.15;1.91;;;;;;
2021;273;beauce_5_sa_088;organique_beauce_5;orgeh;orgeH_tousSols_nonirr_organique;SEMIS;0.86;6.0;;;;;;;;;;;;;;;;;;;;;;
2021;257;beauce_5_sa_088;organique_beauce_5;orgeh;orgeH_tousSols_nonirr_organique;TRAVAIL_SOL;0.5;0.0;;;;;;;;;;;;;;;;;;;;;;
2021;181;beauce_5_sa_089;organique_beauce_5;orgeh;orgeH_tousSols_nonirr_organique;RECOLTE;0.67;0.0;3.7;;;;;;;;;;;;;0.0;3.02;1.91;;;;;;
2021;277;beauce_5_sa_089;organique_beauce_5;orgeh;orgeH_tousSols_nonirr_organique;SEMIS;0.86;6.0;;;;;;;;;;;;;;;;;;;;;;
2021;68;beauce_5_sa_089;organique_beauce_5;orgeh;orgeH_tousSols_nonirr_organique;FERTI;0.0;;;;;;;;;;;;;;;;;;;;;;;
2021;93;beauce_5_sa_089;organique_beauce_5;orgeh;orgeH_tousSols_nonirr_organique;FERTI;0.0;;;;;;;;;;;;;;;;;;;;;;;
2021;344;beauce_5_sa_089;organique_beauce_5;orgeh;orgeH_tousSols_nonirr_organique;FERTI;0.0;;;;;;;;;;;;;;;;;;;;;;;
2021;182;beauce_5_sa_090;organique_beauce_5;orgeh;orgeH_tousSols_nonirr_organique;RECOLTE;0.67;0.0;3.6;;;;;;;;;;;;;0.0;2.94;1.91;;;;;;
2021;296;beauce_5_sa_090;organique_beauce_5;orgeh;orgeH_tousSols_nonirr_organique;SEMIS;0.86;6.0;;;;;;;;;;;;;;;;;;;;;;
2021;34;beauce_5_sa_090;organique_beauce_5;orgeh;orgeH_tousSols_nonirr_organique;FERTI;0.0;;;;;;;;;;;;;;;;;;;;;;;
2021;280;beauce_5_sa_090;organique_beauce_5;orgeh;orgeH_tousSols_nonirr_organique;TRAVAIL_SOL;0.5;0.0;;;;;;;;;;;;;;;;;;;;;;
2021;210;beauce_5_sa_091;organique_beauce_5;orgeh;orgeH_tousSols_nonirr_organique;RECOLTE;0.67;0.0;3.59;;;;;;;;;;;;;0.0;2.93;1.91;;;;;;
2021;310;beauce_5_sa_091;organique_beauce_5;orgeh;orgeH_tousSols_nonirr_organique;SEMIS;0.86;6.0;;;;;;;;;;;;;;;;;;;;;;
2021;153;beauce_5_sa_091;organique_beauce_5;orgeh;orgeH_tousSols_nonirr_organique;FERTI;0.0;;;;;;;;;;;;;;;;;;;;;;;
2021;197;beauce_5_sa_092;organique_beauce_5;orgeh;orgeH_tousSols_nonirr_organique;RECOLTE;0.67;0.0;3.64;;;;;;;;;;;;;0.0;2.97;1.91;;;;;;
2021;289;beauce_5_sa_092;organique_beauce_5;orgeh;orgeH_tousSols_nonirr_organique;SEMIS;0.86;6.0;;;;;;;;;;;;;;;;;;;;;;
2021;63;beauce_5_sa_092;organique_beauce_5;orgeh;orgeH_tousSols_nonirr_organique;FERTI;0.0;;;;;;;;;;;;;;;;;;;;;;;
2021;198;beauce_5_sa_093;organique_beauce_5;orgeh;orgeH_tousSols_nonirr_organique;RECOLTE;0.67;0.0;3.62;;;;;;;;;;;;;0.0;2.96;1.91;;;;;;
2021;305;beauce_5_sa_093;organique_beauce_5;orgeh;orgeH_tousSols_nonirr_organique;SEMIS;0.86;6.0;;;;;;;;;;;;;;;;;;;;;;
2021;184;beauce_5_sa_094;organique_beauce_5;orgeh;orgeH_tousSols_nonirr_organique;RECOLTE;0.67;0.0;3.29;;;;;;;;;;;;;0.0;2.68;1.91;;;;;;
2021;301;beauce_5_sa_094;organique_beauce_5;orgeh;orgeH_tousSols_nonirr_organique;SEMIS;0.86;6.0;;;;;;;;;;;;;;;;;;;;;;
2021;96;beauce_5_sa_094;organique_beauce_5;orgeh;orgeH_tousSols_nonirr_organique;FERTI;0.0;;;;;;;;;;;;;;;;;;;;;;;
2021;141;beauce_5_sa_094;organique_beauce_5;orgeh;orgeH_tousSols_nonirr_organique;FERTI;0.0;;;;;;;;;;;;;;;;;;;;;;;
2021;183;beauce_5_sa_095;organique_beauce_5;orgeh;orgeH_tousSols_nonirr_organique;RECOLTE;0.67;0.0;3.89;;;;;;;;;;;;;0.0;3.18;1.91;;;;;;
2021;258;beauce_5_sa_095;organique_beauce_5;orgeh;orgeH_tousSols_nonirr_organique;SEMIS;0.86;6.0;;;;;;;;;;;;;;;;;;;;;;
2021;183;beauce_5_sa_096;organique_beauce_5;orgeh;orgeH_tousSols_nonirr_organique;RECOLTE;0.67;0.0;3.76;;;;;;;;;;;;;0.0;3.07;1.91;;;;;;
2021;293;beauce_5_sa_096;organique_beauce_5;orgeh;orgeH_tousSols_nonirr_organique;SEMIS;0.86;6.0;;;;;;;;;;;;;;;;;;;;;;
2021;269;beauce_5_sa_096;organique_beauce_5;orgeh;orgeH_tousSols_nonirr_organique;TRAVAIL_SOL;0.5;0.0;;;;;;;;;;;;;;;;;;;;;;
2021;215;beauce_5_sa_097;organique_beauce_5;orgeh;orgeH_tousSols_nonirr_organique;RECOLTE;0.67;0.0;3.6;;;;;;;;;;;;;0.0;2.94;1.91;;;;;;
2021;302;beauce_5_sa_097;organique_beauce_5;orgeh;orgeH_tousSols_nonirr_organique;SEMIS;0.86;6.0;;;;;;;;;;;;;;;;;;;;;;
2021;95;beauce_5_sa_097;organique_beauce_5;orgeh;orgeH_tousSols_nonirr_organique;FERTI;0.0;;;;;;;;;;;;;;;;;;;;;;;
2021;96;beauce_5_sa_097;organique_beauce_5;orgeh;orgeH_tousSols_nonirr_organique;FERTI;0.0;;;;;;;;;;;;;;;;;;;;;;;
2021;348;beauce_5_sa_097;organique_beauce_5;orgeh;orgeH_tousSols_nonirr_organique;FERTI;0.0;;;;;;;;;;;;;;;;;;;;;;;
2021;177;beauce_5_sa_098;organique_beauce_5;orgeh;orgeH_tousSols_nonirr_organique;RECOLTE;0.67;0.0;3.45;;;;;;;;;;;;;0.0;2.82;1.91;;;;;;
2021;317;beauce_5_sa_098;organique_beauce_5;orgeh;orgeH_tousSols_nonirr_organique;SEMIS;0.86;6.0;;;;;;;;;;;;;;;;;;;;;;
2021;122;beauce_5_sa_098;organique_beauce_5;orgeh;orgeH_tousSols_nonirr_organique;FERTI;0.0;;;;;;;;;;;;;;;;;;;;;;;
2021;123;beauce_5_sa_098;organique_beauce_5;orgeh;orgeH_tousSols_nonirr_organique;FERTI;0.0;;;;;;;;;;;;;;;;;;;;;;;
2021;124;beauce_5_sa_098;organique_beauce_5;orgeh;orgeH_tousSols_nonirr_organique;FERTI;0.0;;;;;;;;;;;;;;;;;;;;;;;
2021;277;beauce_5_sa_098;organique_beauce_5;orgeh;orgeH_tousSols_nonirr_organique;TRAVAIL_SOL;0.5;0.0;;;;;;;;;;;;;;;;;;;;;;
2021;228;beauce_5_sa_099;organique_beauce_5;orgeh;orgeH_tousSols_nonirr_organique;RECOLTE;0.67;0.0;3.5;;;;;;;;;;;;;0.0;2.86;1.91;;;;;;
2021;282;beauce_5_sa_099;organique_beauce_5;orgeh;orgeH_tousSols_nonirr_organique;SEMIS;0.86;6.0;;;;;;;;;;;;;;;;;;;;;;
2021;38;beauce_5_sa_099;organique_beauce_5;orgeh;orgeH_tousSols_nonirr_organique;FERTI;0.0;;;;;;;;;;;;;;;;;;;;;;;
2021;91;beauce_5_sa_099;organique_beauce_5;orgeh;orgeH_tousSols_nonirr_organique;FERTI;0.0;;;;;;;;;;;;;;;;;;;;;;;
2021;101;beauce_5_sa_099;organique_beauce_5;orgeh;orgeH_tousSols_nonirr_organique;FERTI;0.0;;;;;;;;;;;;;;;;;;;;;;;
